12.232 300 0
12.492 80.239 0
12.592 60.000 0
12.636 54.131 0
12.736 46.674 0
12.930 40.000 0
13.079 35.000 0
13.230 30.000 0
13.437 26.148 0
13.537 22.790 0
13.694 20.000 0
14.502 12.951 0
14.702 11.552 0
15.000 10.000 0
15.359 9.000 0
15.559 8.307 0
15.716 7.385 0
15.916 7.000 0
16.081 6.535 0
16.454 6.000 0
16.644 5.600 0
16.836 5.000 0
17.031 4.669 0
17.627 4.000 0
17.831 3.608 0
18.455 3.000 0
19.323 2.500 0
20.000 2.128 0
22.229 1.500 0
23.348 1.259 0
25.000 1.000 0
26.123 0.900 0
27.156 0.800 0
28.780 0.700 0
30.500 0.600 0
32.881 0.500 0
36.000 0.400 0
41.117 0.300 0
50.000 0.200 0
70.000 0.100 0
73.827 0.090 0
77.293 0.080 0
83.068 0.070 0
90.000 0.060 0
100.000 0.050 0
111.434 0.040 0
129.417 0.030 0
162.696 0.020 0
228.303 0.010 0
14.839 300 1
15.359 66.866 1
15.716 44.088 1
15.897 34.847 1
16.266 23.338 1
16.836 16.858 1
17.426 13.122 1
18.037 10.331 1
18.669 8.499 1
19.103 6.921 1
19.772 5.796 1
20.121 4.776 1
20.351 4.359 1
21.061 3.779 1
21.301 3.412 1
21.794 3.151 1
22.044 2.933 1
22.812 2.561 1
23.073 2.419 1
23.877 2.136 1
24.151 1.977 1
24.992 1.765 1
25.863 1.557 1
26.764 1.422 1
27.071 1.359 1
27.696 1.269 1
28.014 1.213 1
28.991 1.107 1
30.734 0.966 1
31.809 0.879 1
32.175 0.841 1
33.684 0.731 1
36.081 0.638 1
38.208 0.559 1
41.164 0.466 1
45.627 0.377 1
48.313 0.333 1
53.498 0.276 1
59.315 0.231 1
64.607 0.195 1
72.172 0.161 1
84.992 0.122 1
95.532 0.0977 1 
110.164 0.0772 1
159.007 0.0441 1
212.763 0.0281 1
261.475 0.0227 1
321.758 0.0188 1
364.971 0.0174 1
411.596 0.0158 1
461.505 0.0148 1
523.013 0.0136 1
600.000 0.0130 1
0 0 0
12.232 300 0
12.492 80.239 0
12.592 60.000 0
12.636 54.131 0
12.736 46.674 0
12.930 40.000 0
13.079 35.000 0
13.230 30.000 0
13.437 26.148 0
13.537 22.790 0
13.694 20.000 0
14.502 12.951 0
14.702 11.552 0
15.000 10.000 0
15.359 9.000 0
15.559 8.307 0
15.716 7.385 0
15.916 7.000 0
16.081 6.535 0
16.454 6.000 0
16.644 5.600 0
16.836 5.000 0
17.031 4.669 0
17.627 4.000 0
17.831 3.608 0
18.455 3.000 0
19.323 2.500 0
20.000 2.128 0
22.229 1.500 0
23.348 1.259 0
25.000 1.000 0
26.123 0.900 0
27.156 0.800 0
28.780 0.700 0
30.500 0.600 0
32.881 0.500 0
36.000 0.400 0
41.117 0.300 0
50.000 0.200 0
70.000 0.100 0
73.827 0.090 0
77.293 0.080 0
83.068 0.070 0
90.000 0.060 0
100.000 0.050 0
111.434 0.040 0
129.417 0.030 0
162.696 0.020 0
228.303 0.010 0
14.839 300 1
15.359 66.866 1
15.716 44.088 1
15.897 34.847 1
16.266 23.338 1
16.836 16.858 1
17.426 13.122 1
18.037 10.331 1
18.669 8.499 1
19.103 6.921 1
19.772 5.796 1
20.121 4.776 1
20.351 4.359 1
21.061 3.779 1
21.301 3.412 1
21.794 3.151 1
22.044 2.933 1
22.812 2.561 1
23.073 2.419 1
23.877 2.136 1
24.151 1.977 1
24.992 1.765 1
25.863 1.557 1
26.764 1.422 1
27.071 1.359 1
27.696 1.269 1
28.014 1.213 1
28.991 1.107 1
30.734 0.966 1
31.809 0.879 1
32.175 0.841 1
33.684 0.731 1
36.081 0.638 1
38.208 0.559 1
41.164 0.466 1
45.627 0.377 1
48.313 0.333 1
53.498 0.276 1
59.315 0.231 1
64.607 0.195 1
72.172 0.161 1
84.992 0.122 1
95.532 0.0977 1 
110.164 0.0772 1
159.007 0.0441 1
212.763 0.0281 1
261.475 0.0227 1
321.758 0.0188 1
364.971 0.0174 1
411.596 0.0158 1
461.505 0.0148 1
523.013 0.0136 1
600.000 0.0130 1
0 0 0
12.232 300 0
12.492 80.239 0
12.592 60.000 0
12.636 54.131 0
12.736 46.674 0
12.930 40.000 0
13.079 35.000 0
13.230 30.000 0
13.437 26.148 0
13.537 22.790 0
13.694 20.000 0
14.502 12.951 0
14.702 11.552 0
15.000 10.000 0
15.359 9.000 0
15.559 8.307 0
15.716 7.385 0
15.916 7.000 0
16.081 6.535 0
16.454 6.000 0
16.644 5.600 0
16.836 5.000 0
17.031 4.669 0
17.627 4.000 0
17.831 3.608 0
18.455 3.000 0
19.323 2.500 0
20.000 2.128 0
22.229 1.500 0
23.348 1.259 0
25.000 1.000 0
26.123 0.900 0
27.156 0.800 0
28.780 0.700 0
30.500 0.600 0
32.881 0.500 0
36.000 0.400 0
41.117 0.300 0
50.000 0.200 0
70.000 0.100 0
73.827 0.090 0
77.293 0.080 0
83.068 0.070 0
90.000 0.060 0
100.000 0.050 0
111.434 0.040 0
129.417 0.030 0
162.696 0.020 0
228.303 0.010 0
14.839 300 1
15.359 66.866 1
15.716 44.088 1
15.897 34.847 1
16.266 23.338 1
16.836 16.858 1
17.426 13.122 1
18.037 10.331 1
18.669 8.499 1
19.103 6.921 1
19.772 5.796 1
20.121 4.776 1
20.351 4.359 1
21.061 3.779 1
21.301 3.412 1
21.794 3.151 1
22.044 2.933 1
22.812 2.561 1
23.073 2.419 1
23.877 2.136 1
24.151 1.977 1
24.992 1.765 1
25.863 1.557 1
26.764 1.422 1
27.071 1.359 1
27.696 1.269 1
28.014 1.213 1
28.991 1.107 1
30.734 0.966 1
31.809 0.879 1
32.175 0.841 1
33.684 0.731 1
36.081 0.638 1
38.208 0.559 1
41.164 0.466 1
45.627 0.377 1
48.313 0.333 1
53.498 0.276 1
59.315 0.231 1
64.607 0.195 1
72.172 0.161 1
84.992 0.122 1
95.532 0.0977 1 
110.164 0.0772 1
159.007 0.0441 1
212.763 0.0281 1
261.475 0.0227 1
321.758 0.0188 1
364.971 0.0174 1
411.596 0.0158 1
461.505 0.0148 1
523.013 0.0136 1
600.000 0.0130 1
0 0 0
12.232 300 0
12.492 80.239 0
12.592 60.000 0
12.636 54.131 0
12.736 46.674 0
12.930 40.000 0
13.079 35.000 0
13.230 30.000 0
13.437 26.148 0
13.537 22.790 0
13.694 20.000 0
14.502 12.951 0
14.702 11.552 0
15.000 10.000 0
15.359 9.000 0
15.559 8.307 0
15.716 7.385 0
15.916 7.000 0
16.081 6.535 0
16.454 6.000 0
16.644 5.600 0
16.836 5.000 0
17.031 4.669 0
17.627 4.000 0
17.831 3.608 0
18.455 3.000 0
19.323 2.500 0
20.000 2.128 0
22.229 1.500 0
23.348 1.259 0
25.000 1.000 0
26.123 0.900 0
27.156 0.800 0
28.780 0.700 0
30.500 0.600 0
32.881 0.500 0
36.000 0.400 0
41.117 0.300 0
50.000 0.200 0
70.000 0.100 0
73.827 0.090 0
77.293 0.080 0
83.068 0.070 0
90.000 0.060 0
100.000 0.050 0
111.434 0.040 0
129.417 0.030 0
162.696 0.020 0
228.303 0.010 0
14.839 300 1
15.359 66.866 1
15.716 44.088 1
15.897 34.847 1
16.266 23.338 1
16.836 16.858 1
17.426 13.122 1
18.037 10.331 1
18.669 8.499 1
19.103 6.921 1
19.772 5.796 1
20.121 4.776 1
20.351 4.359 1
21.061 3.779 1
21.301 3.412 1
21.794 3.151 1
22.044 2.933 1
22.812 2.561 1
23.073 2.419 1
23.877 2.136 1
24.151 1.977 1
24.992 1.765 1
25.863 1.557 1
26.764 1.422 1
27.071 1.359 1
27.696 1.269 1
28.014 1.213 1
28.991 1.107 1
30.734 0.966 1
31.809 0.879 1
32.175 0.841 1
33.684 0.731 1
36.081 0.638 1
38.208 0.559 1
41.164 0.466 1
45.627 0.377 1
48.313 0.333 1
53.498 0.276 1
59.315 0.231 1
64.607 0.195 1
72.172 0.161 1
84.992 0.122 1
95.532 0.0977 1 
110.164 0.0772 1
159.007 0.0441 1
212.763 0.0281 1
261.475 0.0227 1
321.758 0.0188 1
364.971 0.0174 1
411.596 0.0158 1
461.505 0.0148 1
523.013 0.0136 1
600.000 0.0130 1
0 0 0
12.232 300 0
12.492 80.239 0
12.592 60.000 0
12.636 54.131 0
12.736 46.674 0
12.930 40.000 0
13.079 35.000 0
13.230 30.000 0
13.437 26.148 0
13.537 22.790 0
13.694 20.000 0
14.502 12.951 0
14.702 11.552 0
15.000 10.000 0
15.359 9.000 0
15.559 8.307 0
15.716 7.385 0
15.916 7.000 0
16.081 6.535 0
16.454 6.000 0
16.644 5.600 0
16.836 5.000 0
17.031 4.669 0
17.627 4.000 0
17.831 3.608 0
18.455 3.000 0
19.323 2.500 0
20.000 2.128 0
22.229 1.500 0
23.348 1.259 0
25.000 1.000 0
26.123 0.900 0
27.156 0.800 0
28.780 0.700 0
30.500 0.600 0
32.881 0.500 0
36.000 0.400 0
41.117 0.300 0
50.000 0.200 0
70.000 0.100 0
73.827 0.090 0
77.293 0.080 0
83.068 0.070 0
90.000 0.060 0
100.000 0.050 0
111.434 0.040 0
129.417 0.030 0
162.696 0.020 0
228.303 0.010 0
14.839 300 1
15.359 66.866 1
15.716 44.088 1
15.897 34.847 1
16.266 23.338 1
16.836 16.858 1
17.426 13.122 1
18.037 10.331 1
18.669 8.499 1
19.103 6.921 1
19.772 5.796 1
20.121 4.776 1
20.351 4.359 1
21.061 3.779 1
21.301 3.412 1
21.794 3.151 1
22.044 2.933 1
22.812 2.561 1
23.073 2.419 1
23.877 2.136 1
24.151 1.977 1
24.992 1.765 1
25.863 1.557 1
26.764 1.422 1
27.071 1.359 1
27.696 1.269 1
28.014 1.213 1
28.991 1.107 1
30.734 0.966 1
31.809 0.879 1
32.175 0.841 1
33.684 0.731 1
36.081 0.638 1
38.208 0.559 1
41.164 0.466 1
45.627 0.377 1
48.313 0.333 1
53.498 0.276 1
59.315 0.231 1
64.607 0.195 1
72.172 0.161 1
84.992 0.122 1
95.532 0.0977 1 
110.164 0.0772 1
159.007 0.0441 1
212.763 0.0281 1
261.475 0.0227 1
321.758 0.0188 1
364.971 0.0174 1
411.596 0.0158 1
461.505 0.0148 1
523.013 0.0136 1
600.000 0.0130 1
0 0 0
12.232 300 0
12.492 80.239 0
12.592 60.000 0
12.636 54.131 0
12.736 46.674 0
12.930 40.000 0
13.079 35.000 0
13.230 30.000 0
13.437 26.148 0
13.537 22.790 0
13.694 20.000 0
14.502 12.951 0
14.702 11.552 0
15.000 10.000 0
15.359 9.000 0
15.559 8.307 0
15.716 7.385 0
15.916 7.000 0
16.081 6.535 0
16.454 6.000 0
16.644 5.600 0
16.836 5.000 0
17.031 4.669 0
17.627 4.000 0
17.831 3.608 0
18.455 3.000 0
19.323 2.500 0
20.000 2.128 0
22.229 1.500 0
23.348 1.259 0
25.000 1.000 0
26.123 0.900 0
27.156 0.800 0
28.780 0.700 0
30.500 0.600 0
32.881 0.500 0
36.000 0.400 0
41.117 0.300 0
50.000 0.200 0
70.000 0.100 0
73.827 0.090 0
77.293 0.080 0
83.068 0.070 0
90.000 0.060 0
100.000 0.050 0
111.434 0.040 0
129.417 0.030 0
162.696 0.020 0
228.303 0.010 0
14.839 300 1
15.359 66.866 1
15.716 44.088 1
15.897 34.847 1
16.266 23.338 1
16.836 16.858 1
17.426 13.122 1
18.037 10.331 1
18.669 8.499 1
19.103 6.921 1
19.772 5.796 1
20.121 4.776 1
20.351 4.359 1
21.061 3.779 1
21.301 3.412 1
21.794 3.151 1
22.044 2.933 1
22.812 2.561 1
23.073 2.419 1
23.877 2.136 1
24.151 1.977 1
24.992 1.765 1
25.863 1.557 1
26.764 1.422 1
27.071 1.359 1
27.696 1.269 1
28.014 1.213 1
28.991 1.107 1
30.734 0.966 1
31.809 0.879 1
32.175 0.841 1
33.684 0.731 1
36.081 0.638 1
38.208 0.559 1
41.164 0.466 1
45.627 0.377 1
48.313 0.333 1
53.498 0.276 1
59.315 0.231 1
64.607 0.195 1
72.172 0.161 1
84.992 0.122 1
95.532 0.0977 1 
110.164 0.0772 1
159.007 0.0441 1
212.763 0.0281 1
261.475 0.0227 1
321.758 0.0188 1
364.971 0.0174 1
411.596 0.0158 1
461.505 0.0148 1
523.013 0.0136 1
600.000 0.0130 1
0 0 0
12.232 300 0
12.492 80.239 0
12.592 60.000 0
12.636 54.131 0
12.736 46.674 0
12.930 40.000 0
13.079 35.000 0
13.230 30.000 0
13.437 26.148 0
13.537 22.790 0
13.694 20.000 0
14.502 12.951 0
14.702 11.552 0
15.000 10.000 0
15.359 9.000 0
15.559 8.307 0
15.716 7.385 0
15.916 7.000 0
16.081 6.535 0
16.454 6.000 0
16.644 5.600 0
16.836 5.000 0
17.031 4.669 0
17.627 4.000 0
17.831 3.608 0
18.455 3.000 0
19.323 2.500 0
20.000 2.128 0
22.229 1.500 0
23.348 1.259 0
25.000 1.000 0
26.123 0.900 0
27.156 0.800 0
28.780 0.700 0
30.500 0.600 0
32.881 0.500 0
36.000 0.400 0
41.117 0.300 0
50.000 0.200 0
70.000 0.100 0
73.827 0.090 0
77.293 0.080 0
83.068 0.070 0
90.000 0.060 0
100.000 0.050 0
111.434 0.040 0
129.417 0.030 0
162.696 0.020 0
228.303 0.010 0
14.839 300 1
15.359 66.866 1
15.716 44.088 1
15.897 34.847 1
16.266 23.338 1
16.836 16.858 1
17.426 13.122 1
18.037 10.331 1
18.669 8.499 1
19.103 6.921 1
19.772 5.796 1
20.121 4.776 1
20.351 4.359 1
21.061 3.779 1
21.301 3.412 1
21.794 3.151 1
22.044 2.933 1
22.812 2.561 1
23.073 2.419 1
23.877 2.136 1
24.151 1.977 1
24.992 1.765 1
25.863 1.557 1
26.764 1.422 1
27.071 1.359 1
27.696 1.269 1
28.014 1.213 1
28.991 1.107 1
30.734 0.966 1
31.809 0.879 1
32.175 0.841 1
33.684 0.731 1
36.081 0.638 1
38.208 0.559 1
41.164 0.466 1
45.627 0.377 1
48.313 0.333 1
53.498 0.276 1
59.315 0.231 1
64.607 0.195 1
72.172 0.161 1
84.992 0.122 1
95.532 0.0977 1 
110.164 0.0772 1
159.007 0.0441 1
212.763 0.0281 1
261.475 0.0227 1
321.758 0.0188 1
364.971 0.0174 1
411.596 0.0158 1
461.505 0.0148 1
523.013 0.0136 1
600.000 0.0130 1
0 0 0
12.232 300 0
12.492 80.239 0
12.592 60.000 0
12.636 54.131 0
12.736 46.674 0
12.930 40.000 0
13.079 35.000 0
13.230 30.000 0
13.437 26.148 0
13.537 22.790 0
13.694 20.000 0
14.502 12.951 0
14.702 11.552 0
15.000 10.000 0
15.359 9.000 0
15.559 8.307 0
15.716 7.385 0
15.916 7.000 0
16.081 6.535 0
16.454 6.000 0
16.644 5.600 0
16.836 5.000 0
17.031 4.669 0
17.627 4.000 0
17.831 3.608 0
18.455 3.000 0
19.323 2.500 0
20.000 2.128 0
22.229 1.500 0
23.348 1.259 0
25.000 1.000 0
26.123 0.900 0
27.156 0.800 0
28.780 0.700 0
30.500 0.600 0
32.881 0.500 0
36.000 0.400 0
41.117 0.300 0
50.000 0.200 0
70.000 0.100 0
73.827 0.090 0
77.293 0.080 0
83.068 0.070 0
90.000 0.060 0
100.000 0.050 0
111.434 0.040 0
129.417 0.030 0
162.696 0.020 0
228.303 0.010 0
14.839 300 1
15.359 66.866 1
15.716 44.088 1
15.897 34.847 1
16.266 23.338 1
16.836 16.858 1
17.426 13.122 1
18.037 10.331 1
18.669 8.499 1
19.103 6.921 1
19.772 5.796 1
20.121 4.776 1
20.351 4.359 1
21.061 3.779 1
21.301 3.412 1
21.794 3.151 1
22.044 2.933 1
22.812 2.561 1
23.073 2.419 1
23.877 2.136 1
24.151 1.977 1
24.992 1.765 1
25.863 1.557 1
26.764 1.422 1
27.071 1.359 1
27.696 1.269 1
28.014 1.213 1
28.991 1.107 1
30.734 0.966 1
31.809 0.879 1
32.175 0.841 1
33.684 0.731 1
36.081 0.638 1
38.208 0.559 1
41.164 0.466 1
45.627 0.377 1
48.313 0.333 1
53.498 0.276 1
59.315 0.231 1
64.607 0.195 1
72.172 0.161 1
84.992 0.122 1
95.532 0.0977 1 
110.164 0.0772 1
159.007 0.0441 1
212.763 0.0281 1
261.475 0.0227 1
321.758 0.0188 1
364.971 0.0174 1
411.596 0.0158 1
461.505 0.0148 1
523.013 0.0136 1
600.000 0.0130 1
0 0 0
12.232 300 0
12.492 80.239 0
12.592 60.000 0
12.636 54.131 0
12.736 46.674 0
12.930 40.000 0
13.079 35.000 0
13.230 30.000 0
13.437 26.148 0
13.537 22.790 0
13.694 20.000 0
14.502 12.951 0
14.702 11.552 0
15.000 10.000 0
15.359 9.000 0
15.559 8.307 0
15.716 7.385 0
15.916 7.000 0
16.081 6.535 0
16.454 6.000 0
16.644 5.600 0
16.836 5.000 0
17.031 4.669 0
17.627 4.000 0
17.831 3.608 0
18.455 3.000 0
19.323 2.500 0
20.000 2.128 0
22.229 1.500 0
23.348 1.259 0
25.000 1.000 0
26.123 0.900 0
27.156 0.800 0
28.780 0.700 0
30.500 0.600 0
32.881 0.500 0
36.000 0.400 0
41.117 0.300 0
50.000 0.200 0
70.000 0.100 0
73.827 0.090 0
77.293 0.080 0
83.068 0.070 0
90.000 0.060 0
100.000 0.050 0
111.434 0.040 0
129.417 0.030 0
162.696 0.020 0
228.303 0.010 0
14.839 300 1
15.359 66.866 1
15.716 44.088 1
15.897 34.847 1
16.266 23.338 1
16.836 16.858 1
17.426 13.122 1
18.037 10.331 1
18.669 8.499 1
19.103 6.921 1
19.772 5.796 1
20.121 4.776 1
20.351 4.359 1
21.061 3.779 1
21.301 3.412 1
21.794 3.151 1
22.044 2.933 1
22.812 2.561 1
23.073 2.419 1
23.877 2.136 1
24.151 1.977 1
24.992 1.765 1
25.863 1.557 1
26.764 1.422 1
27.071 1.359 1
27.696 1.269 1
28.014 1.213 1
28.991 1.107 1
30.734 0.966 1
31.809 0.879 1
32.175 0.841 1
33.684 0.731 1
36.081 0.638 1
38.208 0.559 1
41.164 0.466 1
45.627 0.377 1
48.313 0.333 1
53.498 0.276 1
59.315 0.231 1
64.607 0.195 1
72.172 0.161 1
84.992 0.122 1
95.532 0.0977 1 
110.164 0.0772 1
159.007 0.0441 1
212.763 0.0281 1
261.475 0.0227 1
321.758 0.0188 1
364.971 0.0174 1
411.596 0.0158 1
461.505 0.0148 1
523.013 0.0136 1
600.000 0.0130 1
0 0 0
12.232 300 0
12.492 80.239 0
12.592 60.000 0
12.636 54.131 0
12.736 46.674 0
12.930 40.000 0
13.079 35.000 0
13.230 30.000 0
13.437 26.148 0
13.537 22.790 0
13.694 20.000 0
14.502 12.951 0
14.702 11.552 0
15.000 10.000 0
15.359 9.000 0
15.559 8.307 0
15.716 7.385 0
15.916 7.000 0
16.081 6.535 0
16.454 6.000 0
16.644 5.600 0
16.836 5.000 0
17.031 4.669 0
17.627 4.000 0
17.831 3.608 0
18.455 3.000 0
19.323 2.500 0
20.000 2.128 0
22.229 1.500 0
23.348 1.259 0
25.000 1.000 0
26.123 0.900 0
27.156 0.800 0
28.780 0.700 0
30.500 0.600 0
32.881 0.500 0
36.000 0.400 0
41.117 0.300 0
50.000 0.200 0
70.000 0.100 0
73.827 0.090 0
77.293 0.080 0
83.068 0.070 0
90.000 0.060 0
100.000 0.050 0
111.434 0.040 0
129.417 0.030 0
162.696 0.020 0
228.303 0.010 0
14.839 300 1
15.359 66.866 1
15.716 44.088 1
15.897 34.847 1
16.266 23.338 1
16.836 16.858 1
17.426 13.122 1
18.037 10.331 1
18.669 8.499 1
19.103 6.921 1
19.772 5.796 1
20.121 4.776 1
20.351 4.359 1
21.061 3.779 1
21.301 3.412 1
21.794 3.151 1
22.044 2.933 1
22.812 2.561 1
23.073 2.419 1
23.877 2.136 1
24.151 1.977 1
24.992 1.765 1
25.863 1.557 1
26.764 1.422 1
27.071 1.359 1
27.696 1.269 1
28.014 1.213 1
28.991 1.107 1
30.734 0.966 1
31.809 0.879 1
32.175 0.841 1
33.684 0.731 1
36.081 0.638 1
38.208 0.559 1
41.164 0.466 1
45.627 0.377 1
48.313 0.333 1
53.498 0.276 1
59.315 0.231 1
64.607 0.195 1
72.172 0.161 1
84.992 0.122 1
95.532 0.0977 1 
110.164 0.0772 1
159.007 0.0441 1
212.763 0.0281 1
261.475 0.0227 1
321.758 0.0188 1
364.971 0.0174 1
411.596 0.0158 1
461.505 0.0148 1
523.013 0.0136 1
600.000 0.0130 1
0 0 0
12.232 300 0
12.492 80.239 0
12.592 60.000 0
12.636 54.131 0
12.736 46.674 0
12.930 40.000 0
13.079 35.000 0
13.230 30.000 0
13.437 26.148 0
13.537 22.790 0
13.694 20.000 0
14.502 12.951 0
14.702 11.552 0
15.000 10.000 0
15.359 9.000 0
15.559 8.307 0
15.716 7.385 0
15.916 7.000 0
16.081 6.535 0
16.454 6.000 0
16.644 5.600 0
16.836 5.000 0
17.031 4.669 0
17.627 4.000 0
17.831 3.608 0
18.455 3.000 0
19.323 2.500 0
20.000 2.128 0
22.229 1.500 0
23.348 1.259 0
25.000 1.000 0
26.123 0.900 0
27.156 0.800 0
28.780 0.700 0
30.500 0.600 0
32.881 0.500 0
36.000 0.400 0
41.117 0.300 0
50.000 0.200 0
70.000 0.100 0
73.827 0.090 0
77.293 0.080 0
83.068 0.070 0
90.000 0.060 0
100.000 0.050 0
111.434 0.040 0
129.417 0.030 0
162.696 0.020 0
228.303 0.010 0
14.839 300 1
15.359 66.866 1
15.716 44.088 1
15.897 34.847 1
16.266 23.338 1
16.836 16.858 1
17.426 13.122 1
18.037 10.331 1
18.669 8.499 1
19.103 6.921 1
19.772 5.796 1
20.121 4.776 1
20.351 4.359 1
21.061 3.779 1
21.301 3.412 1
21.794 3.151 1
22.044 2.933 1
22.812 2.561 1
23.073 2.419 1
23.877 2.136 1
24.151 1.977 1
24.992 1.765 1
25.863 1.557 1
26.764 1.422 1
27.071 1.359 1
27.696 1.269 1
28.014 1.213 1
28.991 1.107 1
30.734 0.966 1
31.809 0.879 1
32.175 0.841 1
33.684 0.731 1
36.081 0.638 1
38.208 0.559 1
41.164 0.466 1
45.627 0.377 1
48.313 0.333 1
53.498 0.276 1
59.315 0.231 1
64.607 0.195 1
72.172 0.161 1
84.992 0.122 1
95.532 0.0977 1 
110.164 0.0772 1
159.007 0.0441 1
212.763 0.0281 1
261.475 0.0227 1
321.758 0.0188 1
364.971 0.0174 1
411.596 0.0158 1
461.505 0.0148 1
523.013 0.0136 1
600.000 0.0130 1
0 0 0
12.232 300 0
12.492 80.239 0
12.592 60.000 0
12.636 54.131 0
12.736 46.674 0
12.930 40.000 0
13.079 35.000 0
13.230 30.000 0
13.437 26.148 0
13.537 22.790 0
13.694 20.000 0
14.502 12.951 0
14.702 11.552 0
15.000 10.000 0
15.359 9.000 0
15.559 8.307 0
15.716 7.385 0
15.916 7.000 0
16.081 6.535 0
16.454 6.000 0
16.644 5.600 0
16.836 5.000 0
17.031 4.669 0
17.627 4.000 0
17.831 3.608 0
18.455 3.000 0
19.323 2.500 0
20.000 2.128 0
22.229 1.500 0
23.348 1.259 0
25.000 1.000 0
26.123 0.900 0
27.156 0.800 0
28.780 0.700 0
30.500 0.600 0
32.881 0.500 0
36.000 0.400 0
41.117 0.300 0
50.000 0.200 0
70.000 0.100 0
73.827 0.090 0
77.293 0.080 0
83.068 0.070 0
90.000 0.060 0
100.000 0.050 0
111.434 0.040 0
129.417 0.030 0
162.696 0.020 0
228.303 0.010 0
14.839 300 1
15.359 66.866 1
15.716 44.088 1
15.897 34.847 1
16.266 23.338 1
16.836 16.858 1
17.426 13.122 1
18.037 10.331 1
18.669 8.499 1
19.103 6.921 1
19.772 5.796 1
20.121 4.776 1
20.351 4.359 1
21.061 3.779 1
21.301 3.412 1
21.794 3.151 1
22.044 2.933 1
22.812 2.561 1
23.073 2.419 1
23.877 2.136 1
24.151 1.977 1
24.992 1.765 1
25.863 1.557 1
26.764 1.422 1
27.071 1.359 1
27.696 1.269 1
28.014 1.213 1
28.991 1.107 1
30.734 0.966 1
31.809 0.879 1
32.175 0.841 1
33.684 0.731 1
36.081 0.638 1
38.208 0.559 1
41.164 0.466 1
45.627 0.377 1
48.313 0.333 1
53.498 0.276 1
59.315 0.231 1
64.607 0.195 1
72.172 0.161 1
84.992 0.122 1
95.532 0.0977 1 
110.164 0.0772 1
159.007 0.0441 1
212.763 0.0281 1
261.475 0.0227 1
321.758 0.0188 1
364.971 0.0174 1
411.596 0.0158 1
461.505 0.0148 1
523.013 0.0136 1
600.000 0.0130 1
0 0 0
12.232 300 0
12.492 80.239 0
12.592 60.000 0
12.636 54.131 0
12.736 46.674 0
12.930 40.000 0
13.079 35.000 0
13.230 30.000 0
13.437 26.148 0
13.537 22.790 0
13.694 20.000 0
14.502 12.951 0
14.702 11.552 0
15.000 10.000 0
15.359 9.000 0
15.559 8.307 0
15.716 7.385 0
15.916 7.000 0
16.081 6.535 0
16.454 6.000 0
16.644 5.600 0
16.836 5.000 0
17.031 4.669 0
17.627 4.000 0
17.831 3.608 0
18.455 3.000 0
19.323 2.500 0
20.000 2.128 0
22.229 1.500 0
23.348 1.259 0
25.000 1.000 0
26.123 0.900 0
27.156 0.800 0
28.780 0.700 0
30.500 0.600 0
32.881 0.500 0
36.000 0.400 0
41.117 0.300 0
50.000 0.200 0
70.000 0.100 0
73.827 0.090 0
77.293 0.080 0
83.068 0.070 0
90.000 0.060 0
100.000 0.050 0
111.434 0.040 0
129.417 0.030 0
162.696 0.020 0
228.303 0.010 0
14.839 300 1
15.359 66.866 1
15.716 44.088 1
15.897 34.847 1
16.266 23.338 1
16.836 16.858 1
17.426 13.122 1
18.037 10.331 1
18.669 8.499 1
19.103 6.921 1
19.772 5.796 1
20.121 4.776 1
20.351 4.359 1
21.061 3.779 1
21.301 3.412 1
21.794 3.151 1
22.044 2.933 1
22.812 2.561 1
23.073 2.419 1
23.877 2.136 1
24.151 1.977 1
24.992 1.765 1
25.863 1.557 1
26.764 1.422 1
27.071 1.359 1
27.696 1.269 1
28.014 1.213 1
28.991 1.107 1
30.734 0.966 1
31.809 0.879 1
32.175 0.841 1
33.684 0.731 1
36.081 0.638 1
38.208 0.559 1
41.164 0.466 1
45.627 0.377 1
48.313 0.333 1
53.498 0.276 1
59.315 0.231 1
64.607 0.195 1
72.172 0.161 1
84.992 0.122 1
95.532 0.0977 1 
110.164 0.0772 1
159.007 0.0441 1
212.763 0.0281 1
261.475 0.0227 1
321.758 0.0188 1
364.971 0.0174 1
411.596 0.0158 1
461.505 0.0148 1
523.013 0.0136 1
600.000 0.0130 1
0 0 0
12.232 300 0
12.492 80.239 0
12.592 60.000 0
12.636 54.131 0
12.736 46.674 0
12.930 40.000 0
13.079 35.000 0
13.230 30.000 0
13.437 26.148 0
13.537 22.790 0
13.694 20.000 0
14.502 12.951 0
14.702 11.552 0
15.000 10.000 0
15.359 9.000 0
15.559 8.307 0
15.716 7.385 0
15.916 7.000 0
16.081 6.535 0
16.454 6.000 0
16.644 5.600 0
16.836 5.000 0
17.031 4.669 0
17.627 4.000 0
17.831 3.608 0
18.455 3.000 0
19.323 2.500 0
20.000 2.128 0
22.229 1.500 0
23.348 1.259 0
25.000 1.000 0
26.123 0.900 0
27.156 0.800 0
28.780 0.700 0
30.500 0.600 0
32.881 0.500 0
36.000 0.400 0
41.117 0.300 0
50.000 0.200 0
70.000 0.100 0
73.827 0.090 0
77.293 0.080 0
83.068 0.070 0
90.000 0.060 0
100.000 0.050 0
111.434 0.040 0
129.417 0.030 0
162.696 0.020 0
228.303 0.010 0
14.839 300 1
15.359 66.866 1
15.716 44.088 1
15.897 34.847 1
16.266 23.338 1
16.836 16.858 1
17.426 13.122 1
18.037 10.331 1
18.669 8.499 1
19.103 6.921 1
19.772 5.796 1
20.121 4.776 1
20.351 4.359 1
21.061 3.779 1
21.301 3.412 1
21.794 3.151 1
22.044 2.933 1
22.812 2.561 1
23.073 2.419 1
23.877 2.136 1
24.151 1.977 1
24.992 1.765 1
25.863 1.557 1
26.764 1.422 1
27.071 1.359 1
27.696 1.269 1
28.014 1.213 1
28.991 1.107 1
30.734 0.966 1
31.809 0.879 1
32.175 0.841 1
33.684 0.731 1
36.081 0.638 1
38.208 0.559 1
41.164 0.466 1
45.627 0.377 1
48.313 0.333 1
53.498 0.276 1
59.315 0.231 1
64.607 0.195 1
72.172 0.161 1
84.992 0.122 1
95.532 0.0977 1 
110.164 0.0772 1
159.007 0.0441 1
212.763 0.0281 1
261.475 0.0227 1
321.758 0.0188 1
364.971 0.0174 1
411.596 0.0158 1
461.505 0.0148 1
523.013 0.0136 1
600.000 0.0130 1
0 0 0
12.232 300 0
12.492 80.239 0
12.592 60.000 0
12.636 54.131 0
12.736 46.674 0
12.930 40.000 0
13.079 35.000 0
13.230 30.000 0
13.437 26.148 0
13.537 22.790 0
13.694 20.000 0
14.502 12.951 0
14.702 11.552 0
15.000 10.000 0
15.359 9.000 0
15.559 8.307 0
15.716 7.385 0
15.916 7.000 0
16.081 6.535 0
16.454 6.000 0
16.644 5.600 0
16.836 5.000 0
17.031 4.669 0
17.627 4.000 0
17.831 3.608 0
18.455 3.000 0
19.323 2.500 0
20.000 2.128 0
22.229 1.500 0
23.348 1.259 0
25.000 1.000 0
26.123 0.900 0
27.156 0.800 0
28.780 0.700 0
30.500 0.600 0
32.881 0.500 0
36.000 0.400 0
41.117 0.300 0
50.000 0.200 0
70.000 0.100 0
73.827 0.090 0
77.293 0.080 0
83.068 0.070 0
90.000 0.060 0
100.000 0.050 0
111.434 0.040 0
129.417 0.030 0
162.696 0.020 0
228.303 0.010 0
14.839 300 1
15.359 66.866 1
15.716 44.088 1
15.897 34.847 1
16.266 23.338 1
16.836 16.858 1
17.426 13.122 1
18.037 10.331 1
18.669 8.499 1
19.103 6.921 1
19.772 5.796 1
20.121 4.776 1
20.351 4.359 1
21.061 3.779 1
21.301 3.412 1
21.794 3.151 1
22.044 2.933 1
22.812 2.561 1
23.073 2.419 1
23.877 2.136 1
24.151 1.977 1
24.992 1.765 1
25.863 1.557 1
26.764 1.422 1
27.071 1.359 1
27.696 1.269 1
28.014 1.213 1
28.991 1.107 1
30.734 0.966 1
31.809 0.879 1
32.175 0.841 1
33.684 0.731 1
36.081 0.638 1
38.208 0.559 1
41.164 0.466 1
45.627 0.377 1
48.313 0.333 1
53.498 0.276 1
59.315 0.231 1
64.607 0.195 1
72.172 0.161 1
84.992 0.122 1
95.532 0.0977 1 
110.164 0.0772 1
159.007 0.0441 1
212.763 0.0281 1
261.475 0.0227 1
321.758 0.0188 1
364.971 0.0174 1
411.596 0.0158 1
461.505 0.0148 1
523.013 0.0136 1
600.000 0.0130 1
0 0 0
12.232 300 0
12.492 80.239 0
12.592 60.000 0
12.636 54.131 0
12.736 46.674 0
12.930 40.000 0
13.079 35.000 0
13.230 30.000 0
13.437 26.148 0
13.537 22.790 0
13.694 20.000 0
14.502 12.951 0
14.702 11.552 0
15.000 10.000 0
15.359 9.000 0
15.559 8.307 0
15.716 7.385 0
15.916 7.000 0
16.081 6.535 0
16.454 6.000 0
16.644 5.600 0
16.836 5.000 0
17.031 4.669 0
17.627 4.000 0
17.831 3.608 0
18.455 3.000 0
19.323 2.500 0
20.000 2.128 0
22.229 1.500 0
23.348 1.259 0
25.000 1.000 0
26.123 0.900 0
27.156 0.800 0
28.780 0.700 0
30.500 0.600 0
32.881 0.500 0
36.000 0.400 0
41.117 0.300 0
50.000 0.200 0
70.000 0.100 0
73.827 0.090 0
77.293 0.080 0
83.068 0.070 0
90.000 0.060 0
100.000 0.050 0
111.434 0.040 0
129.417 0.030 0
162.696 0.020 0
228.303 0.010 0
14.839 300 1
15.359 66.866 1
15.716 44.088 1
15.897 34.847 1
16.266 23.338 1
16.836 16.858 1
17.426 13.122 1
18.037 10.331 1
18.669 8.499 1
19.103 6.921 1
19.772 5.796 1
20.121 4.776 1
20.351 4.359 1
21.061 3.779 1
21.301 3.412 1
21.794 3.151 1
22.044 2.933 1
22.812 2.561 1
23.073 2.419 1
23.877 2.136 1
24.151 1.977 1
24.992 1.765 1
25.863 1.557 1
26.764 1.422 1
27.071 1.359 1
27.696 1.269 1
28.014 1.213 1
28.991 1.107 1
30.734 0.966 1
31.809 0.879 1
32.175 0.841 1
33.684 0.731 1
36.081 0.638 1
38.208 0.559 1
41.164 0.466 1
45.627 0.377 1
48.313 0.333 1
53.498 0.276 1
59.315 0.231 1
64.607 0.195 1
72.172 0.161 1
84.992 0.122 1
95.532 0.0977 1 
110.164 0.0772 1
159.007 0.0441 1
212.763 0.0281 1
261.475 0.0227 1
321.758 0.0188 1
364.971 0.0174 1
411.596 0.0158 1
461.505 0.0148 1
523.013 0.0136 1
600.000 0.0130 1
0 0 0
12.232 300 0
12.492 80.239 0
12.592 60.000 0
12.636 54.131 0
12.736 46.674 0
12.930 40.000 0
13.079 35.000 0
13.230 30.000 0
13.437 26.148 0
13.537 22.790 0
13.694 20.000 0
14.502 12.951 0
14.702 11.552 0
15.000 10.000 0
15.359 9.000 0
15.559 8.307 0
15.716 7.385 0
15.916 7.000 0
16.081 6.535 0
16.454 6.000 0
16.644 5.600 0
16.836 5.000 0
17.031 4.669 0
17.627 4.000 0
17.831 3.608 0
18.455 3.000 0
19.323 2.500 0
20.000 2.128 0
22.229 1.500 0
23.348 1.259 0
25.000 1.000 0
26.123 0.900 0
27.156 0.800 0
28.780 0.700 0
30.500 0.600 0
32.881 0.500 0
36.000 0.400 0
41.117 0.300 0
50.000 0.200 0
70.000 0.100 0
73.827 0.090 0
77.293 0.080 0
83.068 0.070 0
90.000 0.060 0
100.000 0.050 0
111.434 0.040 0
129.417 0.030 0
162.696 0.020 0
228.303 0.010 0
14.839 300 1
15.359 66.866 1
15.716 44.088 1
15.897 34.847 1
16.266 23.338 1
16.836 16.858 1
17.426 13.122 1
18.037 10.331 1
18.669 8.499 1
19.103 6.921 1
19.772 5.796 1
20.121 4.776 1
20.351 4.359 1
21.061 3.779 1
21.301 3.412 1
21.794 3.151 1
22.044 2.933 1
22.812 2.561 1
23.073 2.419 1
23.877 2.136 1
24.151 1.977 1
24.992 1.765 1
25.863 1.557 1
26.764 1.422 1
27.071 1.359 1
27.696 1.269 1
28.014 1.213 1
28.991 1.107 1
30.734 0.966 1
31.809 0.879 1
32.175 0.841 1
33.684 0.731 1
36.081 0.638 1
38.208 0.559 1
41.164 0.466 1
45.627 0.377 1
48.313 0.333 1
53.498 0.276 1
59.315 0.231 1
64.607 0.195 1
72.172 0.161 1
84.992 0.122 1
95.532 0.0977 1 
110.164 0.0772 1
159.007 0.0441 1
212.763 0.0281 1
261.475 0.0227 1
321.758 0.0188 1
364.971 0.0174 1
411.596 0.0158 1
461.505 0.0148 1
523.013 0.0136 1
600.000 0.0130 1
0 0 0
12.232 300 0
12.492 80.239 0
12.592 60.000 0
12.636 54.131 0
12.736 46.674 0
12.930 40.000 0
13.079 35.000 0
13.230 30.000 0
13.437 26.148 0
13.537 22.790 0
13.694 20.000 0
14.502 12.951 0
14.702 11.552 0
15.000 10.000 0
15.359 9.000 0
15.559 8.307 0
15.716 7.385 0
15.916 7.000 0
16.081 6.535 0
16.454 6.000 0
16.644 5.600 0
16.836 5.000 0
17.031 4.669 0
17.627 4.000 0
17.831 3.608 0
18.455 3.000 0
19.323 2.500 0
20.000 2.128 0
22.229 1.500 0
23.348 1.259 0
25.000 1.000 0
26.123 0.900 0
27.156 0.800 0
28.780 0.700 0
30.500 0.600 0
32.881 0.500 0
36.000 0.400 0
41.117 0.300 0
50.000 0.200 0
70.000 0.100 0
73.827 0.090 0
77.293 0.080 0
83.068 0.070 0
90.000 0.060 0
100.000 0.050 0
111.434 0.040 0
129.417 0.030 0
162.696 0.020 0
228.303 0.010 0
14.839 300 1
15.359 66.866 1
15.716 44.088 1
15.897 34.847 1
16.266 23.338 1
16.836 16.858 1
17.426 13.122 1
18.037 10.331 1
18.669 8.499 1
19.103 6.921 1
19.772 5.796 1
20.121 4.776 1
20.351 4.359 1
21.061 3.779 1
21.301 3.412 1
21.794 3.151 1
22.044 2.933 1
22.812 2.561 1
23.073 2.419 1
23.877 2.136 1
24.151 1.977 1
24.992 1.765 1
25.863 1.557 1
26.764 1.422 1
27.071 1.359 1
27.696 1.269 1
28.014 1.213 1
28.991 1.107 1
30.734 0.966 1
31.809 0.879 1
32.175 0.841 1
33.684 0.731 1
36.081 0.638 1
38.208 0.559 1
41.164 0.466 1
45.627 0.377 1
48.313 0.333 1
53.498 0.276 1
59.315 0.231 1
64.607 0.195 1
72.172 0.161 1
84.992 0.122 1
95.532 0.0977 1 
110.164 0.0772 1
159.007 0.0441 1
212.763 0.0281 1
261.475 0.0227 1
321.758 0.0188 1
364.971 0.0174 1
411.596 0.0158 1
461.505 0.0148 1
523.013 0.0136 1
600.000 0.0130 1
0 0 0
12.232 300 0
12.492 80.239 0
12.592 60.000 0
12.636 54.131 0
12.736 46.674 0
12.930 40.000 0
13.079 35.000 0
13.230 30.000 0
13.437 26.148 0
13.537 22.790 0
13.694 20.000 0
14.502 12.951 0
14.702 11.552 0
15.000 10.000 0
15.359 9.000 0
15.559 8.307 0
15.716 7.385 0
15.916 7.000 0
16.081 6.535 0
16.454 6.000 0
16.644 5.600 0
16.836 5.000 0
17.031 4.669 0
17.627 4.000 0
17.831 3.608 0
18.455 3.000 0
19.323 2.500 0
20.000 2.128 0
22.229 1.500 0
23.348 1.259 0
25.000 1.000 0
26.123 0.900 0
27.156 0.800 0
28.780 0.700 0
30.500 0.600 0
32.881 0.500 0
36.000 0.400 0
41.117 0.300 0
50.000 0.200 0
70.000 0.100 0
73.827 0.090 0
77.293 0.080 0
83.068 0.070 0
90.000 0.060 0
100.000 0.050 0
111.434 0.040 0
129.417 0.030 0
162.696 0.020 0
228.303 0.010 0
14.839 300 1
15.359 66.866 1
15.716 44.088 1
15.897 34.847 1
16.266 23.338 1
16.836 16.858 1
17.426 13.122 1
18.037 10.331 1
18.669 8.499 1
19.103 6.921 1
19.772 5.796 1
20.121 4.776 1
20.351 4.359 1
21.061 3.779 1
21.301 3.412 1
21.794 3.151 1
22.044 2.933 1
22.812 2.561 1
23.073 2.419 1
23.877 2.136 1
24.151 1.977 1
24.992 1.765 1
25.863 1.557 1
26.764 1.422 1
27.071 1.359 1
27.696 1.269 1
28.014 1.213 1
28.991 1.107 1
30.734 0.966 1
31.809 0.879 1
32.175 0.841 1
33.684 0.731 1
36.081 0.638 1
38.208 0.559 1
41.164 0.466 1
45.627 0.377 1
48.313 0.333 1
53.498 0.276 1
59.315 0.231 1
64.607 0.195 1
72.172 0.161 1
84.992 0.122 1
95.532 0.0977 1 
110.164 0.0772 1
159.007 0.0441 1
212.763 0.0281 1
261.475 0.0227 1
321.758 0.0188 1
364.971 0.0174 1
411.596 0.0158 1
461.505 0.0148 1
523.013 0.0136 1
600.000 0.0130 1
0 0 0
12.232 300 0
12.492 80.239 0
12.592 60.000 0
12.636 54.131 0
12.736 46.674 0
12.930 40.000 0
13.079 35.000 0
13.230 30.000 0
13.437 26.148 0
13.537 22.790 0
13.694 20.000 0
14.502 12.951 0
14.702 11.552 0
15.000 10.000 0
15.359 9.000 0
15.559 8.307 0
15.716 7.385 0
15.916 7.000 0
16.081 6.535 0
16.454 6.000 0
16.644 5.600 0
16.836 5.000 0
17.031 4.669 0
17.627 4.000 0
17.831 3.608 0
18.455 3.000 0
19.323 2.500 0
20.000 2.128 0
22.229 1.500 0
23.348 1.259 0
25.000 1.000 0
26.123 0.900 0
27.156 0.800 0
28.780 0.700 0
30.500 0.600 0
32.881 0.500 0
36.000 0.400 0
41.117 0.300 0
50.000 0.200 0
70.000 0.100 0
73.827 0.090 0
77.293 0.080 0
83.068 0.070 0
90.000 0.060 0
100.000 0.050 0
111.434 0.040 0
129.417 0.030 0
162.696 0.020 0
228.303 0.010 0
14.839 300 1
15.359 66.866 1
15.716 44.088 1
15.897 34.847 1
16.266 23.338 1
16.836 16.858 1
17.426 13.122 1
18.037 10.331 1
18.669 8.499 1
19.103 6.921 1
19.772 5.796 1
20.121 4.776 1
20.351 4.359 1
21.061 3.779 1
21.301 3.412 1
21.794 3.151 1
22.044 2.933 1
22.812 2.561 1
23.073 2.419 1
23.877 2.136 1
24.151 1.977 1
24.992 1.765 1
25.863 1.557 1
26.764 1.422 1
27.071 1.359 1
27.696 1.269 1
28.014 1.213 1
28.991 1.107 1
30.734 0.966 1
31.809 0.879 1
32.175 0.841 1
33.684 0.731 1
36.081 0.638 1
38.208 0.559 1
41.164 0.466 1
45.627 0.377 1
48.313 0.333 1
53.498 0.276 1
59.315 0.231 1
64.607 0.195 1
72.172 0.161 1
84.992 0.122 1
95.532 0.0977 1 
110.164 0.0772 1
159.007 0.0441 1
212.763 0.0281 1
261.475 0.0227 1
321.758 0.0188 1
364.971 0.0174 1
411.596 0.0158 1
461.505 0.0148 1
523.013 0.0136 1
600.000 0.0130 1
0 0 0
12.232 300 0
12.492 80.239 0
12.592 60.000 0
12.636 54.131 0
12.736 46.674 0
12.930 40.000 0
13.079 35.000 0
13.230 30.000 0
13.437 26.148 0
13.537 22.790 0
13.694 20.000 0
14.502 12.951 0
14.702 11.552 0
15.000 10.000 0
15.359 9.000 0
15.559 8.307 0
15.716 7.385 0
15.916 7.000 0
16.081 6.535 0
16.454 6.000 0
16.644 5.600 0
16.836 5.000 0
17.031 4.669 0
17.627 4.000 0
17.831 3.608 0
18.455 3.000 0
19.323 2.500 0
20.000 2.128 0
22.229 1.500 0
23.348 1.259 0
25.000 1.000 0
26.123 0.900 0
27.156 0.800 0
28.780 0.700 0
30.500 0.600 0
32.881 0.500 0
36.000 0.400 0
41.117 0.300 0
50.000 0.200 0
70.000 0.100 0
73.827 0.090 0
77.293 0.080 0
83.068 0.070 0
90.000 0.060 0
100.000 0.050 0
111.434 0.040 0
129.417 0.030 0
162.696 0.020 0
228.303 0.010 0
14.839 300 1
15.359 66.866 1
15.716 44.088 1
15.897 34.847 1
16.266 23.338 1
16.836 16.858 1
17.426 13.122 1
18.037 10.331 1
18.669 8.499 1
19.103 6.921 1
19.772 5.796 1
20.121 4.776 1
20.351 4.359 1
21.061 3.779 1
21.301 3.412 1
21.794 3.151 1
22.044 2.933 1
22.812 2.561 1
23.073 2.419 1
23.877 2.136 1
24.151 1.977 1
24.992 1.765 1
25.863 1.557 1
26.764 1.422 1
27.071 1.359 1
27.696 1.269 1
28.014 1.213 1
28.991 1.107 1
30.734 0.966 1
31.809 0.879 1
32.175 0.841 1
33.684 0.731 1
36.081 0.638 1
38.208 0.559 1
41.164 0.466 1
45.627 0.377 1
48.313 0.333 1
53.498 0.276 1
59.315 0.231 1
64.607 0.195 1
72.172 0.161 1
84.992 0.122 1
95.532 0.0977 1 
110.164 0.0772 1
159.007 0.0441 1
212.763 0.0281 1
261.475 0.0227 1
321.758 0.0188 1
364.971 0.0174 1
411.596 0.0158 1
461.505 0.0148 1
523.013 0.0136 1
600.000 0.0130 1
0 0 0
12.232 300 0
12.492 80.239 0
12.592 60.000 0
12.636 54.131 0
12.736 46.674 0
12.930 40.000 0
13.079 35.000 0
13.230 30.000 0
13.437 26.148 0
13.537 22.790 0
13.694 20.000 0
14.502 12.951 0
14.702 11.552 0
15.000 10.000 0
15.359 9.000 0
15.559 8.307 0
15.716 7.385 0
15.916 7.000 0
16.081 6.535 0
16.454 6.000 0
16.644 5.600 0
16.836 5.000 0
17.031 4.669 0
17.627 4.000 0
17.831 3.608 0
18.455 3.000 0
19.323 2.500 0
20.000 2.128 0
22.229 1.500 0
23.348 1.259 0
25.000 1.000 0
26.123 0.900 0
27.156 0.800 0
28.780 0.700 0
30.500 0.600 0
32.881 0.500 0
36.000 0.400 0
41.117 0.300 0
50.000 0.200 0
70.000 0.100 0
73.827 0.090 0
77.293 0.080 0
83.068 0.070 0
90.000 0.060 0
100.000 0.050 0
111.434 0.040 0
129.417 0.030 0
162.696 0.020 0
228.303 0.010 0
14.839 300 1
15.359 66.866 1
15.716 44.088 1
15.897 34.847 1
16.266 23.338 1
16.836 16.858 1
17.426 13.122 1
18.037 10.331 1
18.669 8.499 1
19.103 6.921 1
19.772 5.796 1
20.121 4.776 1
20.351 4.359 1
21.061 3.779 1
21.301 3.412 1
21.794 3.151 1
22.044 2.933 1
22.812 2.561 1
23.073 2.419 1
23.877 2.136 1
24.151 1.977 1
24.992 1.765 1
25.863 1.557 1
26.764 1.422 1
27.071 1.359 1
27.696 1.269 1
28.014 1.213 1
28.991 1.107 1
30.734 0.966 1
31.809 0.879 1
32.175 0.841 1
33.684 0.731 1
36.081 0.638 1
38.208 0.559 1
41.164 0.466 1
45.627 0.377 1
48.313 0.333 1
53.498 0.276 1
59.315 0.231 1
64.607 0.195 1
72.172 0.161 1
84.992 0.122 1
95.532 0.0977 1 
110.164 0.0772 1
159.007 0.0441 1
212.763 0.0281 1
261.475 0.0227 1
321.758 0.0188 1
364.971 0.0174 1
411.596 0.0158 1
461.505 0.0148 1
523.013 0.0136 1
600.000 0.0130 1
0 0 0
12.232 300 0
12.492 80.239 0
12.592 60.000 0
12.636 54.131 0
12.736 46.674 0
12.930 40.000 0
13.079 35.000 0
13.230 30.000 0
13.437 26.148 0
13.537 22.790 0
13.694 20.000 0
14.502 12.951 0
14.702 11.552 0
15.000 10.000 0
15.359 9.000 0
15.559 8.307 0
15.716 7.385 0
15.916 7.000 0
16.081 6.535 0
16.454 6.000 0
16.644 5.600 0
16.836 5.000 0
17.031 4.669 0
17.627 4.000 0
17.831 3.608 0
18.455 3.000 0
19.323 2.500 0
20.000 2.128 0
22.229 1.500 0
23.348 1.259 0
25.000 1.000 0
26.123 0.900 0
27.156 0.800 0
28.780 0.700 0
30.500 0.600 0
32.881 0.500 0
36.000 0.400 0
41.117 0.300 0
50.000 0.200 0
70.000 0.100 0
73.827 0.090 0
77.293 0.080 0
83.068 0.070 0
90.000 0.060 0
100.000 0.050 0
111.434 0.040 0
129.417 0.030 0
162.696 0.020 0
228.303 0.010 0
14.839 300 1
15.359 66.866 1
15.716 44.088 1
15.897 34.847 1
16.266 23.338 1
16.836 16.858 1
17.426 13.122 1
18.037 10.331 1
18.669 8.499 1
19.103 6.921 1
19.772 5.796 1
20.121 4.776 1
20.351 4.359 1
21.061 3.779 1
21.301 3.412 1
21.794 3.151 1
22.044 2.933 1
22.812 2.561 1
23.073 2.419 1
23.877 2.136 1
24.151 1.977 1
24.992 1.765 1
25.863 1.557 1
26.764 1.422 1
27.071 1.359 1
27.696 1.269 1
28.014 1.213 1
28.991 1.107 1
30.734 0.966 1
31.809 0.879 1
32.175 0.841 1
33.684 0.731 1
36.081 0.638 1
38.208 0.559 1
41.164 0.466 1
45.627 0.377 1
48.313 0.333 1
53.498 0.276 1
59.315 0.231 1
64.607 0.195 1
72.172 0.161 1
84.992 0.122 1
95.532 0.0977 1 
110.164 0.0772 1
159.007 0.0441 1
212.763 0.0281 1
261.475 0.0227 1
321.758 0.0188 1
364.971 0.0174 1
411.596 0.0158 1
461.505 0.0148 1
523.013 0.0136 1
600.000 0.0130 1
0 0 0
12.232 300 0
12.492 80.239 0
12.592 60.000 0
12.636 54.131 0
12.736 46.674 0
12.930 40.000 0
13.079 35.000 0
13.230 30.000 0
13.437 26.148 0
13.537 22.790 0
13.694 20.000 0
14.502 12.951 0
14.702 11.552 0
15.000 10.000 0
15.359 9.000 0
15.559 8.307 0
15.716 7.385 0
15.916 7.000 0
16.081 6.535 0
16.454 6.000 0
16.644 5.600 0
16.836 5.000 0
17.031 4.669 0
17.627 4.000 0
17.831 3.608 0
18.455 3.000 0
19.323 2.500 0
20.000 2.128 0
22.229 1.500 0
23.348 1.259 0
25.000 1.000 0
26.123 0.900 0
27.156 0.800 0
28.780 0.700 0
30.500 0.600 0
32.881 0.500 0
36.000 0.400 0
41.117 0.300 0
50.000 0.200 0
70.000 0.100 0
73.827 0.090 0
77.293 0.080 0
83.068 0.070 0
90.000 0.060 0
100.000 0.050 0
111.434 0.040 0
129.417 0.030 0
162.696 0.020 0
228.303 0.010 0
14.839 300 1
15.359 66.866 1
15.716 44.088 1
15.897 34.847 1
16.266 23.338 1
16.836 16.858 1
17.426 13.122 1
18.037 10.331 1
18.669 8.499 1
19.103 6.921 1
19.772 5.796 1
20.121 4.776 1
20.351 4.359 1
21.061 3.779 1
21.301 3.412 1
21.794 3.151 1
22.044 2.933 1
22.812 2.561 1
23.073 2.419 1
23.877 2.136 1
24.151 1.977 1
24.992 1.765 1
25.863 1.557 1
26.764 1.422 1
27.071 1.359 1
27.696 1.269 1
28.014 1.213 1
28.991 1.107 1
30.734 0.966 1
31.809 0.879 1
32.175 0.841 1
33.684 0.731 1
36.081 0.638 1
38.208 0.559 1
41.164 0.466 1
45.627 0.377 1
48.313 0.333 1
53.498 0.276 1
59.315 0.231 1
64.607 0.195 1
72.172 0.161 1
84.992 0.122 1
95.532 0.0977 1 
110.164 0.0772 1
159.007 0.0441 1
212.763 0.0281 1
261.475 0.0227 1
321.758 0.0188 1
364.971 0.0174 1
411.596 0.0158 1
461.505 0.0148 1
523.013 0.0136 1
600.000 0.0130 1
0 0 0
12.232 300 0
12.492 80.239 0
12.592 60.000 0
12.636 54.131 0
12.736 46.674 0
12.930 40.000 0
13.079 35.000 0
13.230 30.000 0
13.437 26.148 0
13.537 22.790 0
13.694 20.000 0
14.502 12.951 0
14.702 11.552 0
15.000 10.000 0
15.359 9.000 0
15.559 8.307 0
15.716 7.385 0
15.916 7.000 0
16.081 6.535 0
16.454 6.000 0
16.644 5.600 0
16.836 5.000 0
17.031 4.669 0
17.627 4.000 0
17.831 3.608 0
18.455 3.000 0
19.323 2.500 0
20.000 2.128 0
22.229 1.500 0
23.348 1.259 0
25.000 1.000 0
26.123 0.900 0
27.156 0.800 0
28.780 0.700 0
30.500 0.600 0
32.881 0.500 0
36.000 0.400 0
41.117 0.300 0
50.000 0.200 0
70.000 0.100 0
73.827 0.090 0
77.293 0.080 0
83.068 0.070 0
90.000 0.060 0
100.000 0.050 0
111.434 0.040 0
129.417 0.030 0
162.696 0.020 0
228.303 0.010 0
14.839 300 1
15.359 66.866 1
15.716 44.088 1
15.897 34.847 1
16.266 23.338 1
16.836 16.858 1
17.426 13.122 1
18.037 10.331 1
18.669 8.499 1
19.103 6.921 1
19.772 5.796 1
20.121 4.776 1
20.351 4.359 1
21.061 3.779 1
21.301 3.412 1
21.794 3.151 1
22.044 2.933 1
22.812 2.561 1
23.073 2.419 1
23.877 2.136 1
24.151 1.977 1
24.992 1.765 1
25.863 1.557 1
26.764 1.422 1
27.071 1.359 1
27.696 1.269 1
28.014 1.213 1
28.991 1.107 1
30.734 0.966 1
31.809 0.879 1
32.175 0.841 1
33.684 0.731 1
36.081 0.638 1
38.208 0.559 1
41.164 0.466 1
45.627 0.377 1
48.313 0.333 1
53.498 0.276 1
59.315 0.231 1
64.607 0.195 1
72.172 0.161 1
84.992 0.122 1
95.532 0.0977 1 
110.164 0.0772 1
159.007 0.0441 1
212.763 0.0281 1
261.475 0.0227 1
321.758 0.0188 1
364.971 0.0174 1
411.596 0.0158 1
461.505 0.0148 1
523.013 0.0136 1
600.000 0.0130 1
0 0 0
12.232 300 0
12.492 80.239 0
12.592 60.000 0
12.636 54.131 0
12.736 46.674 0
12.930 40.000 0
13.079 35.000 0
13.230 30.000 0
13.437 26.148 0
13.537 22.790 0
13.694 20.000 0
14.502 12.951 0
14.702 11.552 0
15.000 10.000 0
15.359 9.000 0
15.559 8.307 0
15.716 7.385 0
15.916 7.000 0
16.081 6.535 0
16.454 6.000 0
16.644 5.600 0
16.836 5.000 0
17.031 4.669 0
17.627 4.000 0
17.831 3.608 0
18.455 3.000 0
19.323 2.500 0
20.000 2.128 0
22.229 1.500 0
23.348 1.259 0
25.000 1.000 0
26.123 0.900 0
27.156 0.800 0
28.780 0.700 0
30.500 0.600 0
32.881 0.500 0
36.000 0.400 0
41.117 0.300 0
50.000 0.200 0
70.000 0.100 0
73.827 0.090 0
77.293 0.080 0
83.068 0.070 0
90.000 0.060 0
100.000 0.050 0
111.434 0.040 0
129.417 0.030 0
162.696 0.020 0
228.303 0.010 0
14.839 300 1
15.359 66.866 1
15.716 44.088 1
15.897 34.847 1
16.266 23.338 1
16.836 16.858 1
17.426 13.122 1
18.037 10.331 1
18.669 8.499 1
19.103 6.921 1
19.772 5.796 1
20.121 4.776 1
20.351 4.359 1
21.061 3.779 1
21.301 3.412 1
21.794 3.151 1
22.044 2.933 1
22.812 2.561 1
23.073 2.419 1
23.877 2.136 1
24.151 1.977 1
24.992 1.765 1
25.863 1.557 1
26.764 1.422 1
27.071 1.359 1
27.696 1.269 1
28.014 1.213 1
28.991 1.107 1
30.734 0.966 1
31.809 0.879 1
32.175 0.841 1
33.684 0.731 1
36.081 0.638 1
38.208 0.559 1
41.164 0.466 1
45.627 0.377 1
48.313 0.333 1
53.498 0.276 1
59.315 0.231 1
64.607 0.195 1
72.172 0.161 1
84.992 0.122 1
95.532 0.0977 1 
110.164 0.0772 1
159.007 0.0441 1
212.763 0.0281 1
261.475 0.0227 1
321.758 0.0188 1
364.971 0.0174 1
411.596 0.0158 1
461.505 0.0148 1
523.013 0.0136 1
600.000 0.0130 1
0 0 0
12.232 300 0
12.492 80.239 0
12.592 60.000 0
12.636 54.131 0
12.736 46.674 0
12.930 40.000 0
13.079 35.000 0
13.230 30.000 0
13.437 26.148 0
13.537 22.790 0
13.694 20.000 0
14.502 12.951 0
14.702 11.552 0
15.000 10.000 0
15.359 9.000 0
15.559 8.307 0
15.716 7.385 0
15.916 7.000 0
16.081 6.535 0
16.454 6.000 0
16.644 5.600 0
16.836 5.000 0
17.031 4.669 0
17.627 4.000 0
17.831 3.608 0
18.455 3.000 0
19.323 2.500 0
20.000 2.128 0
22.229 1.500 0
23.348 1.259 0
25.000 1.000 0
26.123 0.900 0
27.156 0.800 0
28.780 0.700 0
30.500 0.600 0
32.881 0.500 0
36.000 0.400 0
41.117 0.300 0
50.000 0.200 0
70.000 0.100 0
73.827 0.090 0
77.293 0.080 0
83.068 0.070 0
90.000 0.060 0
100.000 0.050 0
111.434 0.040 0
129.417 0.030 0
162.696 0.020 0
228.303 0.010 0
14.839 300 1
15.359 66.866 1
15.716 44.088 1
15.897 34.847 1
16.266 23.338 1
16.836 16.858 1
17.426 13.122 1
18.037 10.331 1
18.669 8.499 1
19.103 6.921 1
19.772 5.796 1
20.121 4.776 1
20.351 4.359 1
21.061 3.779 1
21.301 3.412 1
21.794 3.151 1
22.044 2.933 1
22.812 2.561 1
23.073 2.419 1
23.877 2.136 1
24.151 1.977 1
24.992 1.765 1
25.863 1.557 1
26.764 1.422 1
27.071 1.359 1
27.696 1.269 1
28.014 1.213 1
28.991 1.107 1
30.734 0.966 1
31.809 0.879 1
32.175 0.841 1
33.684 0.731 1
36.081 0.638 1
38.208 0.559 1
41.164 0.466 1
45.627 0.377 1
48.313 0.333 1
53.498 0.276 1
59.315 0.231 1
64.607 0.195 1
72.172 0.161 1
84.992 0.122 1
95.532 0.0977 1 
110.164 0.0772 1
159.007 0.0441 1
212.763 0.0281 1
261.475 0.0227 1
321.758 0.0188 1
364.971 0.0174 1
411.596 0.0158 1
461.505 0.0148 1
523.013 0.0136 1
600.000 0.0130 1
0 0 0
12.232 300 0
12.492 80.239 0
12.592 60.000 0
12.636 54.131 0
12.736 46.674 0
12.930 40.000 0
13.079 35.000 0
13.230 30.000 0
13.437 26.148 0
13.537 22.790 0
13.694 20.000 0
14.502 12.951 0
14.702 11.552 0
15.000 10.000 0
15.359 9.000 0
15.559 8.307 0
15.716 7.385 0
15.916 7.000 0
16.081 6.535 0
16.454 6.000 0
16.644 5.600 0
16.836 5.000 0
17.031 4.669 0
17.627 4.000 0
17.831 3.608 0
18.455 3.000 0
19.323 2.500 0
20.000 2.128 0
22.229 1.500 0
23.348 1.259 0
25.000 1.000 0
26.123 0.900 0
27.156 0.800 0
28.780 0.700 0
30.500 0.600 0
32.881 0.500 0
36.000 0.400 0
41.117 0.300 0
50.000 0.200 0
70.000 0.100 0
73.827 0.090 0
77.293 0.080 0
83.068 0.070 0
90.000 0.060 0
100.000 0.050 0
111.434 0.040 0
129.417 0.030 0
162.696 0.020 0
228.303 0.010 0
14.839 300 1
15.359 66.866 1
15.716 44.088 1
15.897 34.847 1
16.266 23.338 1
16.836 16.858 1
17.426 13.122 1
18.037 10.331 1
18.669 8.499 1
19.103 6.921 1
19.772 5.796 1
20.121 4.776 1
20.351 4.359 1
21.061 3.779 1
21.301 3.412 1
21.794 3.151 1
22.044 2.933 1
22.812 2.561 1
23.073 2.419 1
23.877 2.136 1
24.151 1.977 1
24.992 1.765 1
25.863 1.557 1
26.764 1.422 1
27.071 1.359 1
27.696 1.269 1
28.014 1.213 1
28.991 1.107 1
30.734 0.966 1
31.809 0.879 1
32.175 0.841 1
33.684 0.731 1
36.081 0.638 1
38.208 0.559 1
41.164 0.466 1
45.627 0.377 1
48.313 0.333 1
53.498 0.276 1
59.315 0.231 1
64.607 0.195 1
72.172 0.161 1
84.992 0.122 1
95.532 0.0977 1 
110.164 0.0772 1
159.007 0.0441 1
212.763 0.0281 1
261.475 0.0227 1
321.758 0.0188 1
364.971 0.0174 1
411.596 0.0158 1
461.505 0.0148 1
523.013 0.0136 1
600.000 0.0130 1
0 0 0
12.232 300 0
12.492 80.239 0
12.592 60.000 0
12.636 54.131 0
12.736 46.674 0
12.930 40.000 0
13.079 35.000 0
13.230 30.000 0
13.437 26.148 0
13.537 22.790 0
13.694 20.000 0
14.502 12.951 0
14.702 11.552 0
15.000 10.000 0
15.359 9.000 0
15.559 8.307 0
15.716 7.385 0
15.916 7.000 0
16.081 6.535 0
16.454 6.000 0
16.644 5.600 0
16.836 5.000 0
17.031 4.669 0
17.627 4.000 0
17.831 3.608 0
18.455 3.000 0
19.323 2.500 0
20.000 2.128 0
22.229 1.500 0
23.348 1.259 0
25.000 1.000 0
26.123 0.900 0
27.156 0.800 0
28.780 0.700 0
30.500 0.600 0
32.881 0.500 0
36.000 0.400 0
41.117 0.300 0
50.000 0.200 0
70.000 0.100 0
73.827 0.090 0
77.293 0.080 0
83.068 0.070 0
90.000 0.060 0
100.000 0.050 0
111.434 0.040 0
129.417 0.030 0
162.696 0.020 0
228.303 0.010 0
14.839 300 1
15.359 66.866 1
15.716 44.088 1
15.897 34.847 1
16.266 23.338 1
16.836 16.858 1
17.426 13.122 1
18.037 10.331 1
18.669 8.499 1
19.103 6.921 1
19.772 5.796 1
20.121 4.776 1
20.351 4.359 1
21.061 3.779 1
21.301 3.412 1
21.794 3.151 1
22.044 2.933 1
22.812 2.561 1
23.073 2.419 1
23.877 2.136 1
24.151 1.977 1
24.992 1.765 1
25.863 1.557 1
26.764 1.422 1
27.071 1.359 1
27.696 1.269 1
28.014 1.213 1
28.991 1.107 1
30.734 0.966 1
31.809 0.879 1
32.175 0.841 1
33.684 0.731 1
36.081 0.638 1
38.208 0.559 1
41.164 0.466 1
45.627 0.377 1
48.313 0.333 1
53.498 0.276 1
59.315 0.231 1
64.607 0.195 1
72.172 0.161 1
84.992 0.122 1
95.532 0.0977 1 
110.164 0.0772 1
159.007 0.0441 1
212.763 0.0281 1
261.475 0.0227 1
321.758 0.0188 1
364.971 0.0174 1
411.596 0.0158 1
461.505 0.0148 1
523.013 0.0136 1
600.000 0.0130 1
0 0 0
12.232 300 0
12.492 80.239 0
12.592 60.000 0
12.636 54.131 0
12.736 46.674 0
12.930 40.000 0
13.079 35.000 0
13.230 30.000 0
13.437 26.148 0
13.537 22.790 0
13.694 20.000 0
14.502 12.951 0
14.702 11.552 0
15.000 10.000 0
15.359 9.000 0
15.559 8.307 0
15.716 7.385 0
15.916 7.000 0
16.081 6.535 0
16.454 6.000 0
16.644 5.600 0
16.836 5.000 0
17.031 4.669 0
17.627 4.000 0
17.831 3.608 0
18.455 3.000 0
19.323 2.500 0
20.000 2.128 0
22.229 1.500 0
23.348 1.259 0
25.000 1.000 0
26.123 0.900 0
27.156 0.800 0
28.780 0.700 0
30.500 0.600 0
32.881 0.500 0
36.000 0.400 0
41.117 0.300 0
50.000 0.200 0
70.000 0.100 0
73.827 0.090 0
77.293 0.080 0
83.068 0.070 0
90.000 0.060 0
100.000 0.050 0
111.434 0.040 0
129.417 0.030 0
162.696 0.020 0
228.303 0.010 0
14.839 300 1
15.359 66.866 1
15.716 44.088 1
15.897 34.847 1
16.266 23.338 1
16.836 16.858 1
17.426 13.122 1
18.037 10.331 1
18.669 8.499 1
19.103 6.921 1
19.772 5.796 1
20.121 4.776 1
20.351 4.359 1
21.061 3.779 1
21.301 3.412 1
21.794 3.151 1
22.044 2.933 1
22.812 2.561 1
23.073 2.419 1
23.877 2.136 1
24.151 1.977 1
24.992 1.765 1
25.863 1.557 1
26.764 1.422 1
27.071 1.359 1
27.696 1.269 1
28.014 1.213 1
28.991 1.107 1
30.734 0.966 1
31.809 0.879 1
32.175 0.841 1
33.684 0.731 1
36.081 0.638 1
38.208 0.559 1
41.164 0.466 1
45.627 0.377 1
48.313 0.333 1
53.498 0.276 1
59.315 0.231 1
64.607 0.195 1
72.172 0.161 1
84.992 0.122 1
95.532 0.0977 1 
110.164 0.0772 1
159.007 0.0441 1
212.763 0.0281 1
261.475 0.0227 1
321.758 0.0188 1
364.971 0.0174 1
411.596 0.0158 1
461.505 0.0148 1
523.013 0.0136 1
600.000 0.0130 1
0 0 0
12.232 300 0
12.492 80.239 0
12.592 60.000 0
12.636 54.131 0
12.736 46.674 0
12.930 40.000 0
13.079 35.000 0
13.230 30.000 0
13.437 26.148 0
13.537 22.790 0
13.694 20.000 0
14.502 12.951 0
14.702 11.552 0
15.000 10.000 0
15.359 9.000 0
15.559 8.307 0
15.716 7.385 0
15.916 7.000 0
16.081 6.535 0
16.454 6.000 0
16.644 5.600 0
16.836 5.000 0
17.031 4.669 0
17.627 4.000 0
17.831 3.608 0
18.455 3.000 0
19.323 2.500 0
20.000 2.128 0
22.229 1.500 0
23.348 1.259 0
25.000 1.000 0
26.123 0.900 0
27.156 0.800 0
28.780 0.700 0
30.500 0.600 0
32.881 0.500 0
36.000 0.400 0
41.117 0.300 0
50.000 0.200 0
70.000 0.100 0
73.827 0.090 0
77.293 0.080 0
83.068 0.070 0
90.000 0.060 0
100.000 0.050 0
111.434 0.040 0
129.417 0.030 0
162.696 0.020 0
228.303 0.010 0
14.839 300 1
15.359 66.866 1
15.716 44.088 1
15.897 34.847 1
16.266 23.338 1
16.836 16.858 1
17.426 13.122 1
18.037 10.331 1
18.669 8.499 1
19.103 6.921 1
19.772 5.796 1
20.121 4.776 1
20.351 4.359 1
21.061 3.779 1
21.301 3.412 1
21.794 3.151 1
22.044 2.933 1
22.812 2.561 1
23.073 2.419 1
23.877 2.136 1
24.151 1.977 1
24.992 1.765 1
25.863 1.557 1
26.764 1.422 1
27.071 1.359 1
27.696 1.269 1
28.014 1.213 1
28.991 1.107 1
30.734 0.966 1
31.809 0.879 1
32.175 0.841 1
33.684 0.731 1
36.081 0.638 1
38.208 0.559 1
41.164 0.466 1
45.627 0.377 1
48.313 0.333 1
53.498 0.276 1
59.315 0.231 1
64.607 0.195 1
72.172 0.161 1
84.992 0.122 1
95.532 0.0977 1 
110.164 0.0772 1
159.007 0.0441 1
212.763 0.0281 1
261.475 0.0227 1
321.758 0.0188 1
364.971 0.0174 1
411.596 0.0158 1
461.505 0.0148 1
523.013 0.0136 1
600.000 0.0130 1
0 0 0
12.232 300 0
12.492 80.239 0
12.592 60.000 0
12.636 54.131 0
12.736 46.674 0
12.930 40.000 0
13.079 35.000 0
13.230 30.000 0
13.437 26.148 0
13.537 22.790 0
13.694 20.000 0
14.502 12.951 0
14.702 11.552 0
15.000 10.000 0
15.359 9.000 0
15.559 8.307 0
15.716 7.385 0
15.916 7.000 0
16.081 6.535 0
16.454 6.000 0
16.644 5.600 0
16.836 5.000 0
17.031 4.669 0
17.627 4.000 0
17.831 3.608 0
18.455 3.000 0
19.323 2.500 0
20.000 2.128 0
22.229 1.500 0
23.348 1.259 0
25.000 1.000 0
26.123 0.900 0
27.156 0.800 0
28.780 0.700 0
30.500 0.600 0
32.881 0.500 0
36.000 0.400 0
41.117 0.300 0
50.000 0.200 0
70.000 0.100 0
73.827 0.090 0
77.293 0.080 0
83.068 0.070 0
90.000 0.060 0
100.000 0.050 0
111.434 0.040 0
129.417 0.030 0
162.696 0.020 0
228.303 0.010 0
14.839 300 1
15.359 66.866 1
15.716 44.088 1
15.897 34.847 1
16.266 23.338 1
16.836 16.858 1
17.426 13.122 1
18.037 10.331 1
18.669 8.499 1
19.103 6.921 1
19.772 5.796 1
20.121 4.776 1
20.351 4.359 1
21.061 3.779 1
21.301 3.412 1
21.794 3.151 1
22.044 2.933 1
22.812 2.561 1
23.073 2.419 1
23.877 2.136 1
24.151 1.977 1
24.992 1.765 1
25.863 1.557 1
26.764 1.422 1
27.071 1.359 1
27.696 1.269 1
28.014 1.213 1
28.991 1.107 1
30.734 0.966 1
31.809 0.879 1
32.175 0.841 1
33.684 0.731 1
36.081 0.638 1
38.208 0.559 1
41.164 0.466 1
45.627 0.377 1
48.313 0.333 1
53.498 0.276 1
59.315 0.231 1
64.607 0.195 1
72.172 0.161 1
84.992 0.122 1
95.532 0.0977 1 
110.164 0.0772 1
159.007 0.0441 1
212.763 0.0281 1
261.475 0.0227 1
321.758 0.0188 1
364.971 0.0174 1
411.596 0.0158 1
461.505 0.0148 1
523.013 0.0136 1
600.000 0.0130 1
0 0 0
12.232 300 0
12.492 80.239 0
12.592 60.000 0
12.636 54.131 0
12.736 46.674 0
12.930 40.000 0
13.079 35.000 0
13.230 30.000 0
13.437 26.148 0
13.537 22.790 0
13.694 20.000 0
14.502 12.951 0
14.702 11.552 0
15.000 10.000 0
15.359 9.000 0
15.559 8.307 0
15.716 7.385 0
15.916 7.000 0
16.081 6.535 0
16.454 6.000 0
16.644 5.600 0
16.836 5.000 0
17.031 4.669 0
17.627 4.000 0
17.831 3.608 0
18.455 3.000 0
19.323 2.500 0
20.000 2.128 0
22.229 1.500 0
23.348 1.259 0
25.000 1.000 0
26.123 0.900 0
27.156 0.800 0
28.780 0.700 0
30.500 0.600 0
32.881 0.500 0
36.000 0.400 0
41.117 0.300 0
50.000 0.200 0
70.000 0.100 0
73.827 0.090 0
77.293 0.080 0
83.068 0.070 0
90.000 0.060 0
100.000 0.050 0
111.434 0.040 0
129.417 0.030 0
162.696 0.020 0
228.303 0.010 0
14.839 300 1
15.359 66.866 1
15.716 44.088 1
15.897 34.847 1
16.266 23.338 1
16.836 16.858 1
17.426 13.122 1
18.037 10.331 1
18.669 8.499 1
19.103 6.921 1
19.772 5.796 1
20.121 4.776 1
20.351 4.359 1
21.061 3.779 1
21.301 3.412 1
21.794 3.151 1
22.044 2.933 1
22.812 2.561 1
23.073 2.419 1
23.877 2.136 1
24.151 1.977 1
24.992 1.765 1
25.863 1.557 1
26.764 1.422 1
27.071 1.359 1
27.696 1.269 1
28.014 1.213 1
28.991 1.107 1
30.734 0.966 1
31.809 0.879 1
32.175 0.841 1
33.684 0.731 1
36.081 0.638 1
38.208 0.559 1
41.164 0.466 1
45.627 0.377 1
48.313 0.333 1
53.498 0.276 1
59.315 0.231 1
64.607 0.195 1
72.172 0.161 1
84.992 0.122 1
95.532 0.0977 1 
110.164 0.0772 1
159.007 0.0441 1
212.763 0.0281 1
261.475 0.0227 1
321.758 0.0188 1
364.971 0.0174 1
411.596 0.0158 1
461.505 0.0148 1
523.013 0.0136 1
600.000 0.0130 1
0 0 0
12.232 300 0
12.492 80.239 0
12.592 60.000 0
12.636 54.131 0
12.736 46.674 0
12.930 40.000 0
13.079 35.000 0
13.230 30.000 0
13.437 26.148 0
13.537 22.790 0
13.694 20.000 0
14.502 12.951 0
14.702 11.552 0
15.000 10.000 0
15.359 9.000 0
15.559 8.307 0
15.716 7.385 0
15.916 7.000 0
16.081 6.535 0
16.454 6.000 0
16.644 5.600 0
16.836 5.000 0
17.031 4.669 0
17.627 4.000 0
17.831 3.608 0
18.455 3.000 0
19.323 2.500 0
20.000 2.128 0
22.229 1.500 0
23.348 1.259 0
25.000 1.000 0
26.123 0.900 0
27.156 0.800 0
28.780 0.700 0
30.500 0.600 0
32.881 0.500 0
36.000 0.400 0
41.117 0.300 0
50.000 0.200 0
70.000 0.100 0
73.827 0.090 0
77.293 0.080 0
83.068 0.070 0
90.000 0.060 0
100.000 0.050 0
111.434 0.040 0
129.417 0.030 0
162.696 0.020 0
228.303 0.010 0
14.839 300 1
15.359 66.866 1
15.716 44.088 1
15.897 34.847 1
16.266 23.338 1
16.836 16.858 1
17.426 13.122 1
18.037 10.331 1
18.669 8.499 1
19.103 6.921 1
19.772 5.796 1
20.121 4.776 1
20.351 4.359 1
21.061 3.779 1
21.301 3.412 1
21.794 3.151 1
22.044 2.933 1
22.812 2.561 1
23.073 2.419 1
23.877 2.136 1
24.151 1.977 1
24.992 1.765 1
25.863 1.557 1
26.764 1.422 1
27.071 1.359 1
27.696 1.269 1
28.014 1.213 1
28.991 1.107 1
30.734 0.966 1
31.809 0.879 1
32.175 0.841 1
33.684 0.731 1
36.081 0.638 1
38.208 0.559 1
41.164 0.466 1
45.627 0.377 1
48.313 0.333 1
53.498 0.276 1
59.315 0.231 1
64.607 0.195 1
72.172 0.161 1
84.992 0.122 1
95.532 0.0977 1 
110.164 0.0772 1
159.007 0.0441 1
212.763 0.0281 1
261.475 0.0227 1
321.758 0.0188 1
364.971 0.0174 1
411.596 0.0158 1
461.505 0.0148 1
523.013 0.0136 1
600.000 0.0130 1
0 0 0
12.232 300 0
12.492 80.239 0
12.592 60.000 0
12.636 54.131 0
12.736 46.674 0
12.930 40.000 0
13.079 35.000 0
13.230 30.000 0
13.437 26.148 0
13.537 22.790 0
13.694 20.000 0
14.502 12.951 0
14.702 11.552 0
15.000 10.000 0
15.359 9.000 0
15.559 8.307 0
15.716 7.385 0
15.916 7.000 0
16.081 6.535 0
16.454 6.000 0
16.644 5.600 0
16.836 5.000 0
17.031 4.669 0
17.627 4.000 0
17.831 3.608 0
18.455 3.000 0
19.323 2.500 0
20.000 2.128 0
22.229 1.500 0
23.348 1.259 0
25.000 1.000 0
26.123 0.900 0
27.156 0.800 0
28.780 0.700 0
30.500 0.600 0
32.881 0.500 0
36.000 0.400 0
41.117 0.300 0
50.000 0.200 0
70.000 0.100 0
73.827 0.090 0
77.293 0.080 0
83.068 0.070 0
90.000 0.060 0
100.000 0.050 0
111.434 0.040 0
129.417 0.030 0
162.696 0.020 0
228.303 0.010 0
14.839 300 1
15.359 66.866 1
15.716 44.088 1
15.897 34.847 1
16.266 23.338 1
16.836 16.858 1
17.426 13.122 1
18.037 10.331 1
18.669 8.499 1
19.103 6.921 1
19.772 5.796 1
20.121 4.776 1
20.351 4.359 1
21.061 3.779 1
21.301 3.412 1
21.794 3.151 1
22.044 2.933 1
22.812 2.561 1
23.073 2.419 1
23.877 2.136 1
24.151 1.977 1
24.992 1.765 1
25.863 1.557 1
26.764 1.422 1
27.071 1.359 1
27.696 1.269 1
28.014 1.213 1
28.991 1.107 1
30.734 0.966 1
31.809 0.879 1
32.175 0.841 1
33.684 0.731 1
36.081 0.638 1
38.208 0.559 1
41.164 0.466 1
45.627 0.377 1
48.313 0.333 1
53.498 0.276 1
59.315 0.231 1
64.607 0.195 1
72.172 0.161 1
84.992 0.122 1
95.532 0.0977 1 
110.164 0.0772 1
159.007 0.0441 1
212.763 0.0281 1
261.475 0.0227 1
321.758 0.0188 1
364.971 0.0174 1
411.596 0.0158 1
461.505 0.0148 1
523.013 0.0136 1
600.000 0.0130 1
0 0 0
12.232 300 0
12.492 80.239 0
12.592 60.000 0
12.636 54.131 0
12.736 46.674 0
12.930 40.000 0
13.079 35.000 0
13.230 30.000 0
13.437 26.148 0
13.537 22.790 0
13.694 20.000 0
14.502 12.951 0
14.702 11.552 0
15.000 10.000 0
15.359 9.000 0
15.559 8.307 0
15.716 7.385 0
15.916 7.000 0
16.081 6.535 0
16.454 6.000 0
16.644 5.600 0
16.836 5.000 0
17.031 4.669 0
17.627 4.000 0
17.831 3.608 0
18.455 3.000 0
19.323 2.500 0
20.000 2.128 0
22.229 1.500 0
23.348 1.259 0
25.000 1.000 0
26.123 0.900 0
27.156 0.800 0
28.780 0.700 0
30.500 0.600 0
32.881 0.500 0
36.000 0.400 0
41.117 0.300 0
50.000 0.200 0
70.000 0.100 0
73.827 0.090 0
77.293 0.080 0
83.068 0.070 0
90.000 0.060 0
100.000 0.050 0
111.434 0.040 0
129.417 0.030 0
162.696 0.020 0
228.303 0.010 0
14.839 300 1
15.359 66.866 1
15.716 44.088 1
15.897 34.847 1
16.266 23.338 1
16.836 16.858 1
17.426 13.122 1
18.037 10.331 1
18.669 8.499 1
19.103 6.921 1
19.772 5.796 1
20.121 4.776 1
20.351 4.359 1
21.061 3.779 1
21.301 3.412 1
21.794 3.151 1
22.044 2.933 1
22.812 2.561 1
23.073 2.419 1
23.877 2.136 1
24.151 1.977 1
24.992 1.765 1
25.863 1.557 1
26.764 1.422 1
27.071 1.359 1
27.696 1.269 1
28.014 1.213 1
28.991 1.107 1
30.734 0.966 1
31.809 0.879 1
32.175 0.841 1
33.684 0.731 1
36.081 0.638 1
38.208 0.559 1
41.164 0.466 1
45.627 0.377 1
48.313 0.333 1
53.498 0.276 1
59.315 0.231 1
64.607 0.195 1
72.172 0.161 1
84.992 0.122 1
95.532 0.0977 1 
110.164 0.0772 1
159.007 0.0441 1
212.763 0.0281 1
261.475 0.0227 1
321.758 0.0188 1
364.971 0.0174 1
411.596 0.0158 1
461.505 0.0148 1
523.013 0.0136 1
600.000 0.0130 1
0 0 0
12.232 300 0
12.492 80.239 0
12.592 60.000 0
12.636 54.131 0
12.736 46.674 0
12.930 40.000 0
13.079 35.000 0
13.230 30.000 0
13.437 26.148 0
13.537 22.790 0
13.694 20.000 0
14.502 12.951 0
14.702 11.552 0
15.000 10.000 0
15.359 9.000 0
15.559 8.307 0
15.716 7.385 0
15.916 7.000 0
16.081 6.535 0
16.454 6.000 0
16.644 5.600 0
16.836 5.000 0
17.031 4.669 0
17.627 4.000 0
17.831 3.608 0
18.455 3.000 0
19.323 2.500 0
20.000 2.128 0
22.229 1.500 0
23.348 1.259 0
25.000 1.000 0
26.123 0.900 0
27.156 0.800 0
28.780 0.700 0
30.500 0.600 0
32.881 0.500 0
36.000 0.400 0
41.117 0.300 0
50.000 0.200 0
70.000 0.100 0
73.827 0.090 0
77.293 0.080 0
83.068 0.070 0
90.000 0.060 0
100.000 0.050 0
111.434 0.040 0
129.417 0.030 0
162.696 0.020 0
228.303 0.010 0
14.839 300 1
15.359 66.866 1
15.716 44.088 1
15.897 34.847 1
16.266 23.338 1
16.836 16.858 1
17.426 13.122 1
18.037 10.331 1
18.669 8.499 1
19.103 6.921 1
19.772 5.796 1
20.121 4.776 1
20.351 4.359 1
21.061 3.779 1
21.301 3.412 1
21.794 3.151 1
22.044 2.933 1
22.812 2.561 1
23.073 2.419 1
23.877 2.136 1
24.151 1.977 1
24.992 1.765 1
25.863 1.557 1
26.764 1.422 1
27.071 1.359 1
27.696 1.269 1
28.014 1.213 1
28.991 1.107 1
30.734 0.966 1
31.809 0.879 1
32.175 0.841 1
33.684 0.731 1
36.081 0.638 1
38.208 0.559 1
41.164 0.466 1
45.627 0.377 1
48.313 0.333 1
53.498 0.276 1
59.315 0.231 1
64.607 0.195 1
72.172 0.161 1
84.992 0.122 1
95.532 0.0977 1 
110.164 0.0772 1
159.007 0.0441 1
212.763 0.0281 1
261.475 0.0227 1
321.758 0.0188 1
364.971 0.0174 1
411.596 0.0158 1
461.505 0.0148 1
523.013 0.0136 1
600.000 0.0130 1
0 0 0
12.232 300 0
12.492 80.239 0
12.592 60.000 0
12.636 54.131 0
12.736 46.674 0
12.930 40.000 0
13.079 35.000 0
13.230 30.000 0
13.437 26.148 0
13.537 22.790 0
13.694 20.000 0
14.502 12.951 0
14.702 11.552 0
15.000 10.000 0
15.359 9.000 0
15.559 8.307 0
15.716 7.385 0
15.916 7.000 0
16.081 6.535 0
16.454 6.000 0
16.644 5.600 0
16.836 5.000 0
17.031 4.669 0
17.627 4.000 0
17.831 3.608 0
18.455 3.000 0
19.323 2.500 0
20.000 2.128 0
22.229 1.500 0
23.348 1.259 0
25.000 1.000 0
26.123 0.900 0
27.156 0.800 0
28.780 0.700 0
30.500 0.600 0
32.881 0.500 0
36.000 0.400 0
41.117 0.300 0
50.000 0.200 0
70.000 0.100 0
73.827 0.090 0
77.293 0.080 0
83.068 0.070 0
90.000 0.060 0
100.000 0.050 0
111.434 0.040 0
129.417 0.030 0
162.696 0.020 0
228.303 0.010 0
14.839 300 1
15.359 66.866 1
15.716 44.088 1
15.897 34.847 1
16.266 23.338 1
16.836 16.858 1
17.426 13.122 1
18.037 10.331 1
18.669 8.499 1
19.103 6.921 1
19.772 5.796 1
20.121 4.776 1
20.351 4.359 1
21.061 3.779 1
21.301 3.412 1
21.794 3.151 1
22.044 2.933 1
22.812 2.561 1
23.073 2.419 1
23.877 2.136 1
24.151 1.977 1
24.992 1.765 1
25.863 1.557 1
26.764 1.422 1
27.071 1.359 1
27.696 1.269 1
28.014 1.213 1
28.991 1.107 1
30.734 0.966 1
31.809 0.879 1
32.175 0.841 1
33.684 0.731 1
36.081 0.638 1
38.208 0.559 1
41.164 0.466 1
45.627 0.377 1
48.313 0.333 1
53.498 0.276 1
59.315 0.231 1
64.607 0.195 1
72.172 0.161 1
84.992 0.122 1
95.532 0.0977 1 
110.164 0.0772 1
159.007 0.0441 1
212.763 0.0281 1
261.475 0.0227 1
321.758 0.0188 1
364.971 0.0174 1
411.596 0.0158 1
461.505 0.0148 1
523.013 0.0136 1
600.000 0.0130 1
0 0 0
12.232 300 0
12.492 80.239 0
12.592 60.000 0
12.636 54.131 0
12.736 46.674 0
12.930 40.000 0
13.079 35.000 0
13.230 30.000 0
13.437 26.148 0
13.537 22.790 0
13.694 20.000 0
14.502 12.951 0
14.702 11.552 0
15.000 10.000 0
15.359 9.000 0
15.559 8.307 0
15.716 7.385 0
15.916 7.000 0
16.081 6.535 0
16.454 6.000 0
16.644 5.600 0
16.836 5.000 0
17.031 4.669 0
17.627 4.000 0
17.831 3.608 0
18.455 3.000 0
19.323 2.500 0
20.000 2.128 0
22.229 1.500 0
23.348 1.259 0
25.000 1.000 0
26.123 0.900 0
27.156 0.800 0
28.780 0.700 0
30.500 0.600 0
32.881 0.500 0
36.000 0.400 0
41.117 0.300 0
50.000 0.200 0
70.000 0.100 0
73.827 0.090 0
77.293 0.080 0
83.068 0.070 0
90.000 0.060 0
100.000 0.050 0
111.434 0.040 0
129.417 0.030 0
162.696 0.020 0
228.303 0.010 0
14.839 300 1
15.359 66.866 1
15.716 44.088 1
15.897 34.847 1
16.266 23.338 1
16.836 16.858 1
17.426 13.122 1
18.037 10.331 1
18.669 8.499 1
19.103 6.921 1
19.772 5.796 1
20.121 4.776 1
20.351 4.359 1
21.061 3.779 1
21.301 3.412 1
21.794 3.151 1
22.044 2.933 1
22.812 2.561 1
23.073 2.419 1
23.877 2.136 1
24.151 1.977 1
24.992 1.765 1
25.863 1.557 1
26.764 1.422 1
27.071 1.359 1
27.696 1.269 1
28.014 1.213 1
28.991 1.107 1
30.734 0.966 1
31.809 0.879 1
32.175 0.841 1
33.684 0.731 1
36.081 0.638 1
38.208 0.559 1
41.164 0.466 1
45.627 0.377 1
48.313 0.333 1
53.498 0.276 1
59.315 0.231 1
64.607 0.195 1
72.172 0.161 1
84.992 0.122 1
95.532 0.0977 1 
110.164 0.0772 1
159.007 0.0441 1
212.763 0.0281 1
261.475 0.0227 1
321.758 0.0188 1
364.971 0.0174 1
411.596 0.0158 1
461.505 0.0148 1
523.013 0.0136 1
600.000 0.0130 1
0 0 0
12.232 300 0
12.492 80.239 0
12.592 60.000 0
12.636 54.131 0
12.736 46.674 0
12.930 40.000 0
13.079 35.000 0
13.230 30.000 0
13.437 26.148 0
13.537 22.790 0
13.694 20.000 0
14.502 12.951 0
14.702 11.552 0
15.000 10.000 0
15.359 9.000 0
15.559 8.307 0
15.716 7.385 0
15.916 7.000 0
16.081 6.535 0
16.454 6.000 0
16.644 5.600 0
16.836 5.000 0
17.031 4.669 0
17.627 4.000 0
17.831 3.608 0
18.455 3.000 0
19.323 2.500 0
20.000 2.128 0
22.229 1.500 0
23.348 1.259 0
25.000 1.000 0
26.123 0.900 0
27.156 0.800 0
28.780 0.700 0
30.500 0.600 0
32.881 0.500 0
36.000 0.400 0
41.117 0.300 0
50.000 0.200 0
70.000 0.100 0
73.827 0.090 0
77.293 0.080 0
83.068 0.070 0
90.000 0.060 0
100.000 0.050 0
111.434 0.040 0
129.417 0.030 0
162.696 0.020 0
228.303 0.010 0
14.839 300 1
15.359 66.866 1
15.716 44.088 1
15.897 34.847 1
16.266 23.338 1
16.836 16.858 1
17.426 13.122 1
18.037 10.331 1
18.669 8.499 1
19.103 6.921 1
19.772 5.796 1
20.121 4.776 1
20.351 4.359 1
21.061 3.779 1
21.301 3.412 1
21.794 3.151 1
22.044 2.933 1
22.812 2.561 1
23.073 2.419 1
23.877 2.136 1
24.151 1.977 1
24.992 1.765 1
25.863 1.557 1
26.764 1.422 1
27.071 1.359 1
27.696 1.269 1
28.014 1.213 1
28.991 1.107 1
30.734 0.966 1
31.809 0.879 1
32.175 0.841 1
33.684 0.731 1
36.081 0.638 1
38.208 0.559 1
41.164 0.466 1
45.627 0.377 1
48.313 0.333 1
53.498 0.276 1
59.315 0.231 1
64.607 0.195 1
72.172 0.161 1
84.992 0.122 1
95.532 0.0977 1 
110.164 0.0772 1
159.007 0.0441 1
212.763 0.0281 1
261.475 0.0227 1
321.758 0.0188 1
364.971 0.0174 1
411.596 0.0158 1
461.505 0.0148 1
523.013 0.0136 1
600.000 0.0130 1
0 0 0
12.232 300 0
12.492 80.239 0
12.592 60.000 0
12.636 54.131 0
12.736 46.674 0
12.930 40.000 0
13.079 35.000 0
13.230 30.000 0
13.437 26.148 0
13.537 22.790 0
13.694 20.000 0
14.502 12.951 0
14.702 11.552 0
15.000 10.000 0
15.359 9.000 0
15.559 8.307 0
15.716 7.385 0
15.916 7.000 0
16.081 6.535 0
16.454 6.000 0
16.644 5.600 0
16.836 5.000 0
17.031 4.669 0
17.627 4.000 0
17.831 3.608 0
18.455 3.000 0
19.323 2.500 0
20.000 2.128 0
22.229 1.500 0
23.348 1.259 0
25.000 1.000 0
26.123 0.900 0
27.156 0.800 0
28.780 0.700 0
30.500 0.600 0
32.881 0.500 0
36.000 0.400 0
41.117 0.300 0
50.000 0.200 0
70.000 0.100 0
73.827 0.090 0
77.293 0.080 0
83.068 0.070 0
90.000 0.060 0
100.000 0.050 0
111.434 0.040 0
129.417 0.030 0
162.696 0.020 0
228.303 0.010 0
14.839 300 1
15.359 66.866 1
15.716 44.088 1
15.897 34.847 1
16.266 23.338 1
16.836 16.858 1
17.426 13.122 1
18.037 10.331 1
18.669 8.499 1
19.103 6.921 1
19.772 5.796 1
20.121 4.776 1
20.351 4.359 1
21.061 3.779 1
21.301 3.412 1
21.794 3.151 1
22.044 2.933 1
22.812 2.561 1
23.073 2.419 1
23.877 2.136 1
24.151 1.977 1
24.992 1.765 1
25.863 1.557 1
26.764 1.422 1
27.071 1.359 1
27.696 1.269 1
28.014 1.213 1
28.991 1.107 1
30.734 0.966 1
31.809 0.879 1
32.175 0.841 1
33.684 0.731 1
36.081 0.638 1
38.208 0.559 1
41.164 0.466 1
45.627 0.377 1
48.313 0.333 1
53.498 0.276 1
59.315 0.231 1
64.607 0.195 1
72.172 0.161 1
84.992 0.122 1
95.532 0.0977 1 
110.164 0.0772 1
159.007 0.0441 1
212.763 0.0281 1
261.475 0.0227 1
321.758 0.0188 1
364.971 0.0174 1
411.596 0.0158 1
461.505 0.0148 1
523.013 0.0136 1
600.000 0.0130 1
0 0 0
12.232 300 0
12.492 80.239 0
12.592 60.000 0
12.636 54.131 0
12.736 46.674 0
12.930 40.000 0
13.079 35.000 0
13.230 30.000 0
13.437 26.148 0
13.537 22.790 0
13.694 20.000 0
14.502 12.951 0
14.702 11.552 0
15.000 10.000 0
15.359 9.000 0
15.559 8.307 0
15.716 7.385 0
15.916 7.000 0
16.081 6.535 0
16.454 6.000 0
16.644 5.600 0
16.836 5.000 0
17.031 4.669 0
17.627 4.000 0
17.831 3.608 0
18.455 3.000 0
19.323 2.500 0
20.000 2.128 0
22.229 1.500 0
23.348 1.259 0
25.000 1.000 0
26.123 0.900 0
27.156 0.800 0
28.780 0.700 0
30.500 0.600 0
32.881 0.500 0
36.000 0.400 0
41.117 0.300 0
50.000 0.200 0
70.000 0.100 0
73.827 0.090 0
77.293 0.080 0
83.068 0.070 0
90.000 0.060 0
100.000 0.050 0
111.434 0.040 0
129.417 0.030 0
162.696 0.020 0
228.303 0.010 0
14.839 300 1
15.359 66.866 1
15.716 44.088 1
15.897 34.847 1
16.266 23.338 1
16.836 16.858 1
17.426 13.122 1
18.037 10.331 1
18.669 8.499 1
19.103 6.921 1
19.772 5.796 1
20.121 4.776 1
20.351 4.359 1
21.061 3.779 1
21.301 3.412 1
21.794 3.151 1
22.044 2.933 1
22.812 2.561 1
23.073 2.419 1
23.877 2.136 1
24.151 1.977 1
24.992 1.765 1
25.863 1.557 1
26.764 1.422 1
27.071 1.359 1
27.696 1.269 1
28.014 1.213 1
28.991 1.107 1
30.734 0.966 1
31.809 0.879 1
32.175 0.841 1
33.684 0.731 1
36.081 0.638 1
38.208 0.559 1
41.164 0.466 1
45.627 0.377 1
48.313 0.333 1
53.498 0.276 1
59.315 0.231 1
64.607 0.195 1
72.172 0.161 1
84.992 0.122 1
95.532 0.0977 1 
110.164 0.0772 1
159.007 0.0441 1
212.763 0.0281 1
261.475 0.0227 1
321.758 0.0188 1
364.971 0.0174 1
411.596 0.0158 1
461.505 0.0148 1
523.013 0.0136 1
600.000 0.0130 1
0 0 0
12.232 300 0
12.492 80.239 0
12.592 60.000 0
12.636 54.131 0
12.736 46.674 0
12.930 40.000 0
13.079 35.000 0
13.230 30.000 0
13.437 26.148 0
13.537 22.790 0
13.694 20.000 0
14.502 12.951 0
14.702 11.552 0
15.000 10.000 0
15.359 9.000 0
15.559 8.307 0
15.716 7.385 0
15.916 7.000 0
16.081 6.535 0
16.454 6.000 0
16.644 5.600 0
16.836 5.000 0
17.031 4.669 0
17.627 4.000 0
17.831 3.608 0
18.455 3.000 0
19.323 2.500 0
20.000 2.128 0
22.229 1.500 0
23.348 1.259 0
25.000 1.000 0
26.123 0.900 0
27.156 0.800 0
28.780 0.700 0
30.500 0.600 0
32.881 0.500 0
36.000 0.400 0
41.117 0.300 0
50.000 0.200 0
70.000 0.100 0
73.827 0.090 0
77.293 0.080 0
83.068 0.070 0
90.000 0.060 0
100.000 0.050 0
111.434 0.040 0
129.417 0.030 0
162.696 0.020 0
228.303 0.010 0
14.839 300 1
15.359 66.866 1
15.716 44.088 1
15.897 34.847 1
16.266 23.338 1
16.836 16.858 1
17.426 13.122 1
18.037 10.331 1
18.669 8.499 1
19.103 6.921 1
19.772 5.796 1
20.121 4.776 1
20.351 4.359 1
21.061 3.779 1
21.301 3.412 1
21.794 3.151 1
22.044 2.933 1
22.812 2.561 1
23.073 2.419 1
23.877 2.136 1
24.151 1.977 1
24.992 1.765 1
25.863 1.557 1
26.764 1.422 1
27.071 1.359 1
27.696 1.269 1
28.014 1.213 1
28.991 1.107 1
30.734 0.966 1
31.809 0.879 1
32.175 0.841 1
33.684 0.731 1
36.081 0.638 1
38.208 0.559 1
41.164 0.466 1
45.627 0.377 1
48.313 0.333 1
53.498 0.276 1
59.315 0.231 1
64.607 0.195 1
72.172 0.161 1
84.992 0.122 1
95.532 0.0977 1 
110.164 0.0772 1
159.007 0.0441 1
212.763 0.0281 1
261.475 0.0227 1
321.758 0.0188 1
364.971 0.0174 1
411.596 0.0158 1
461.505 0.0148 1
523.013 0.0136 1
600.000 0.0130 1
0 0 0
12.232 300 0
12.492 80.239 0
12.592 60.000 0
12.636 54.131 0
12.736 46.674 0
12.930 40.000 0
13.079 35.000 0
13.230 30.000 0
13.437 26.148 0
13.537 22.790 0
13.694 20.000 0
14.502 12.951 0
14.702 11.552 0
15.000 10.000 0
15.359 9.000 0
15.559 8.307 0
15.716 7.385 0
15.916 7.000 0
16.081 6.535 0
16.454 6.000 0
16.644 5.600 0
16.836 5.000 0
17.031 4.669 0
17.627 4.000 0
17.831 3.608 0
18.455 3.000 0
19.323 2.500 0
20.000 2.128 0
22.229 1.500 0
23.348 1.259 0
25.000 1.000 0
26.123 0.900 0
27.156 0.800 0
28.780 0.700 0
30.500 0.600 0
32.881 0.500 0
36.000 0.400 0
41.117 0.300 0
50.000 0.200 0
70.000 0.100 0
73.827 0.090 0
77.293 0.080 0
83.068 0.070 0
90.000 0.060 0
100.000 0.050 0
111.434 0.040 0
129.417 0.030 0
162.696 0.020 0
228.303 0.010 0
14.839 300 1
15.359 66.866 1
15.716 44.088 1
15.897 34.847 1
16.266 23.338 1
16.836 16.858 1
17.426 13.122 1
18.037 10.331 1
18.669 8.499 1
19.103 6.921 1
19.772 5.796 1
20.121 4.776 1
20.351 4.359 1
21.061 3.779 1
21.301 3.412 1
21.794 3.151 1
22.044 2.933 1
22.812 2.561 1
23.073 2.419 1
23.877 2.136 1
24.151 1.977 1
24.992 1.765 1
25.863 1.557 1
26.764 1.422 1
27.071 1.359 1
27.696 1.269 1
28.014 1.213 1
28.991 1.107 1
30.734 0.966 1
31.809 0.879 1
32.175 0.841 1
33.684 0.731 1
36.081 0.638 1
38.208 0.559 1
41.164 0.466 1
45.627 0.377 1
48.313 0.333 1
53.498 0.276 1
59.315 0.231 1
64.607 0.195 1
72.172 0.161 1
84.992 0.122 1
95.532 0.0977 1 
110.164 0.0772 1
159.007 0.0441 1
212.763 0.0281 1
261.475 0.0227 1
321.758 0.0188 1
364.971 0.0174 1
411.596 0.0158 1
461.505 0.0148 1
523.013 0.0136 1
600.000 0.0130 1
0 0 0
12.232 300 0
12.492 80.239 0
12.592 60.000 0
12.636 54.131 0
12.736 46.674 0
12.930 40.000 0
13.079 35.000 0
13.230 30.000 0
13.437 26.148 0
13.537 22.790 0
13.694 20.000 0
14.502 12.951 0
14.702 11.552 0
15.000 10.000 0
15.359 9.000 0
15.559 8.307 0
15.716 7.385 0
15.916 7.000 0
16.081 6.535 0
16.454 6.000 0
16.644 5.600 0
16.836 5.000 0
17.031 4.669 0
17.627 4.000 0
17.831 3.608 0
18.455 3.000 0
19.323 2.500 0
20.000 2.128 0
22.229 1.500 0
23.348 1.259 0
25.000 1.000 0
26.123 0.900 0
27.156 0.800 0
28.780 0.700 0
30.500 0.600 0
32.881 0.500 0
36.000 0.400 0
41.117 0.300 0
50.000 0.200 0
70.000 0.100 0
73.827 0.090 0
77.293 0.080 0
83.068 0.070 0
90.000 0.060 0
100.000 0.050 0
111.434 0.040 0
129.417 0.030 0
162.696 0.020 0
228.303 0.010 0
14.839 300 1
15.359 66.866 1
15.716 44.088 1
15.897 34.847 1
16.266 23.338 1
16.836 16.858 1
17.426 13.122 1
18.037 10.331 1
18.669 8.499 1
19.103 6.921 1
19.772 5.796 1
20.121 4.776 1
20.351 4.359 1
21.061 3.779 1
21.301 3.412 1
21.794 3.151 1
22.044 2.933 1
22.812 2.561 1
23.073 2.419 1
23.877 2.136 1
24.151 1.977 1
24.992 1.765 1
25.863 1.557 1
26.764 1.422 1
27.071 1.359 1
27.696 1.269 1
28.014 1.213 1
28.991 1.107 1
30.734 0.966 1
31.809 0.879 1
32.175 0.841 1
33.684 0.731 1
36.081 0.638 1
38.208 0.559 1
41.164 0.466 1
45.627 0.377 1
48.313 0.333 1
53.498 0.276 1
59.315 0.231 1
64.607 0.195 1
72.172 0.161 1
84.992 0.122 1
95.532 0.0977 1 
110.164 0.0772 1
159.007 0.0441 1
212.763 0.0281 1
261.475 0.0227 1
321.758 0.0188 1
364.971 0.0174 1
411.596 0.0158 1
461.505 0.0148 1
523.013 0.0136 1
600.000 0.0130 1
0 0 0
12.232 300 0
12.492 80.239 0
12.592 60.000 0
12.636 54.131 0
12.736 46.674 0
12.930 40.000 0
13.079 35.000 0
13.230 30.000 0
13.437 26.148 0
13.537 22.790 0
13.694 20.000 0
14.502 12.951 0
14.702 11.552 0
15.000 10.000 0
15.359 9.000 0
15.559 8.307 0
15.716 7.385 0
15.916 7.000 0
16.081 6.535 0
16.454 6.000 0
16.644 5.600 0
16.836 5.000 0
17.031 4.669 0
17.627 4.000 0
17.831 3.608 0
18.455 3.000 0
19.323 2.500 0
20.000 2.128 0
22.229 1.500 0
23.348 1.259 0
25.000 1.000 0
26.123 0.900 0
27.156 0.800 0
28.780 0.700 0
30.500 0.600 0
32.881 0.500 0
36.000 0.400 0
41.117 0.300 0
50.000 0.200 0
70.000 0.100 0
73.827 0.090 0
77.293 0.080 0
83.068 0.070 0
90.000 0.060 0
100.000 0.050 0
111.434 0.040 0
129.417 0.030 0
162.696 0.020 0
228.303 0.010 0
14.839 300 1
15.359 66.866 1
15.716 44.088 1
15.897 34.847 1
16.266 23.338 1
16.836 16.858 1
17.426 13.122 1
18.037 10.331 1
18.669 8.499 1
19.103 6.921 1
19.772 5.796 1
20.121 4.776 1
20.351 4.359 1
21.061 3.779 1
21.301 3.412 1
21.794 3.151 1
22.044 2.933 1
22.812 2.561 1
23.073 2.419 1
23.877 2.136 1
24.151 1.977 1
24.992 1.765 1
25.863 1.557 1
26.764 1.422 1
27.071 1.359 1
27.696 1.269 1
28.014 1.213 1
28.991 1.107 1
30.734 0.966 1
31.809 0.879 1
32.175 0.841 1
33.684 0.731 1
36.081 0.638 1
38.208 0.559 1
41.164 0.466 1
45.627 0.377 1
48.313 0.333 1
53.498 0.276 1
59.315 0.231 1
64.607 0.195 1
72.172 0.161 1
84.992 0.122 1
95.532 0.0977 1 
110.164 0.0772 1
159.007 0.0441 1
212.763 0.0281 1
261.475 0.0227 1
321.758 0.0188 1
364.971 0.0174 1
411.596 0.0158 1
461.505 0.0148 1
523.013 0.0136 1
600.000 0.0130 1
0 0 0
12.232 300 0
12.492 80.239 0
12.592 60.000 0
12.636 54.131 0
12.736 46.674 0
12.930 40.000 0
13.079 35.000 0
13.230 30.000 0
13.437 26.148 0
13.537 22.790 0
13.694 20.000 0
14.502 12.951 0
14.702 11.552 0
15.000 10.000 0
15.359 9.000 0
15.559 8.307 0
15.716 7.385 0
15.916 7.000 0
16.081 6.535 0
16.454 6.000 0
16.644 5.600 0
16.836 5.000 0
17.031 4.669 0
17.627 4.000 0
17.831 3.608 0
18.455 3.000 0
19.323 2.500 0
20.000 2.128 0
22.229 1.500 0
23.348 1.259 0
25.000 1.000 0
26.123 0.900 0
27.156 0.800 0
28.780 0.700 0
30.500 0.600 0
32.881 0.500 0
36.000 0.400 0
41.117 0.300 0
50.000 0.200 0
70.000 0.100 0
73.827 0.090 0
77.293 0.080 0
83.068 0.070 0
90.000 0.060 0
100.000 0.050 0
111.434 0.040 0
129.417 0.030 0
162.696 0.020 0
228.303 0.010 0
14.839 300 1
15.359 66.866 1
15.716 44.088 1
15.897 34.847 1
16.266 23.338 1
16.836 16.858 1
17.426 13.122 1
18.037 10.331 1
18.669 8.499 1
19.103 6.921 1
19.772 5.796 1
20.121 4.776 1
20.351 4.359 1
21.061 3.779 1
21.301 3.412 1
21.794 3.151 1
22.044 2.933 1
22.812 2.561 1
23.073 2.419 1
23.877 2.136 1
24.151 1.977 1
24.992 1.765 1
25.863 1.557 1
26.764 1.422 1
27.071 1.359 1
27.696 1.269 1
28.014 1.213 1
28.991 1.107 1
30.734 0.966 1
31.809 0.879 1
32.175 0.841 1
33.684 0.731 1
36.081 0.638 1
38.208 0.559 1
41.164 0.466 1
45.627 0.377 1
48.313 0.333 1
53.498 0.276 1
59.315 0.231 1
64.607 0.195 1
72.172 0.161 1
84.992 0.122 1
95.532 0.0977 1 
110.164 0.0772 1
159.007 0.0441 1
212.763 0.0281 1
261.475 0.0227 1
321.758 0.0188 1
364.971 0.0174 1
411.596 0.0158 1
461.505 0.0148 1
523.013 0.0136 1
600.000 0.0130 1
0 0 0
12.232 300 0
12.492 80.239 0
12.592 60.000 0
12.636 54.131 0
12.736 46.674 0
12.930 40.000 0
13.079 35.000 0
13.230 30.000 0
13.437 26.148 0
13.537 22.790 0
13.694 20.000 0
14.502 12.951 0
14.702 11.552 0
15.000 10.000 0
15.359 9.000 0
15.559 8.307 0
15.716 7.385 0
15.916 7.000 0
16.081 6.535 0
16.454 6.000 0
16.644 5.600 0
16.836 5.000 0
17.031 4.669 0
17.627 4.000 0
17.831 3.608 0
18.455 3.000 0
19.323 2.500 0
20.000 2.128 0
22.229 1.500 0
23.348 1.259 0
25.000 1.000 0
26.123 0.900 0
27.156 0.800 0
28.780 0.700 0
30.500 0.600 0
32.881 0.500 0
36.000 0.400 0
41.117 0.300 0
50.000 0.200 0
70.000 0.100 0
73.827 0.090 0
77.293 0.080 0
83.068 0.070 0
90.000 0.060 0
100.000 0.050 0
111.434 0.040 0
129.417 0.030 0
162.696 0.020 0
228.303 0.010 0
14.839 300 1
15.359 66.866 1
15.716 44.088 1
15.897 34.847 1
16.266 23.338 1
16.836 16.858 1
17.426 13.122 1
18.037 10.331 1
18.669 8.499 1
19.103 6.921 1
19.772 5.796 1
20.121 4.776 1
20.351 4.359 1
21.061 3.779 1
21.301 3.412 1
21.794 3.151 1
22.044 2.933 1
22.812 2.561 1
23.073 2.419 1
23.877 2.136 1
24.151 1.977 1
24.992 1.765 1
25.863 1.557 1
26.764 1.422 1
27.071 1.359 1
27.696 1.269 1
28.014 1.213 1
28.991 1.107 1
30.734 0.966 1
31.809 0.879 1
32.175 0.841 1
33.684 0.731 1
36.081 0.638 1
38.208 0.559 1
41.164 0.466 1
45.627 0.377 1
48.313 0.333 1
53.498 0.276 1
59.315 0.231 1
64.607 0.195 1
72.172 0.161 1
84.992 0.122 1
95.532 0.0977 1 
110.164 0.0772 1
159.007 0.0441 1
212.763 0.0281 1
261.475 0.0227 1
321.758 0.0188 1
364.971 0.0174 1
411.596 0.0158 1
461.505 0.0148 1
523.013 0.0136 1
600.000 0.0130 1
0 0 0
12.232 300 0
12.492 80.239 0
12.592 60.000 0
12.636 54.131 0
12.736 46.674 0
12.930 40.000 0
13.079 35.000 0
13.230 30.000 0
13.437 26.148 0
13.537 22.790 0
13.694 20.000 0
14.502 12.951 0
14.702 11.552 0
15.000 10.000 0
15.359 9.000 0
15.559 8.307 0
15.716 7.385 0
15.916 7.000 0
16.081 6.535 0
16.454 6.000 0
16.644 5.600 0
16.836 5.000 0
17.031 4.669 0
17.627 4.000 0
17.831 3.608 0
18.455 3.000 0
19.323 2.500 0
20.000 2.128 0
22.229 1.500 0
23.348 1.259 0
25.000 1.000 0
26.123 0.900 0
27.156 0.800 0
28.780 0.700 0
30.500 0.600 0
32.881 0.500 0
36.000 0.400 0
41.117 0.300 0
50.000 0.200 0
70.000 0.100 0
73.827 0.090 0
77.293 0.080 0
83.068 0.070 0
90.000 0.060 0
100.000 0.050 0
111.434 0.040 0
129.417 0.030 0
162.696 0.020 0
228.303 0.010 0
14.839 300 1
15.359 66.866 1
15.716 44.088 1
15.897 34.847 1
16.266 23.338 1
16.836 16.858 1
17.426 13.122 1
18.037 10.331 1
18.669 8.499 1
19.103 6.921 1
19.772 5.796 1
20.121 4.776 1
20.351 4.359 1
21.061 3.779 1
21.301 3.412 1
21.794 3.151 1
22.044 2.933 1
22.812 2.561 1
23.073 2.419 1
23.877 2.136 1
24.151 1.977 1
24.992 1.765 1
25.863 1.557 1
26.764 1.422 1
27.071 1.359 1
27.696 1.269 1
28.014 1.213 1
28.991 1.107 1
30.734 0.966 1
31.809 0.879 1
32.175 0.841 1
33.684 0.731 1
36.081 0.638 1
38.208 0.559 1
41.164 0.466 1
45.627 0.377 1
48.313 0.333 1
53.498 0.276 1
59.315 0.231 1
64.607 0.195 1
72.172 0.161 1
84.992 0.122 1
95.532 0.0977 1 
110.164 0.0772 1
159.007 0.0441 1
212.763 0.0281 1
261.475 0.0227 1
321.758 0.0188 1
364.971 0.0174 1
411.596 0.0158 1
461.505 0.0148 1
523.013 0.0136 1
600.000 0.0130 1
0 0 0
